   12.9512339    
   4.78842354    
   7.26603889    
   12.9512339    
   11.9018059    
   11.3037109    
   17.0792313    
   11.9018059    
   16.0274582    
   7.02796650    
   14.0073299    
   6.86656332    
   23.8781128    
   3.55674958    
   14.9928541    
   19.3522949    
   14.0073299    
   15.8716660    
   23.8148270    
   17.4686489    
   16.0180225    
   12.2341661    
   22.1874008    
   6.86656332    
   15.8716660    
   6.03617191    
   10.7350016    
   12.3683081    
   15.9361181    
   23.8781128    
   23.8148270    
   25.4023762    
   3.55674958    
   17.4686489    
   6.03617191    
   25.4023762    
   17.2858906    
   14.1411066    
   4.78842354    
   11.3037109    
   16.0274582    
   16.6560211    
   14.6507006    
   13.8481979    
   5.45056915    
   9.60419083    
   7.26603889    
   14.6258678    
   17.0792313    
   7.02796650    
   16.6560211    
   16.0180225    
   14.5761518    
   1.02938414    
   14.6507006    
   14.6258678    
   25.3164768    
   14.9928541    
   12.2341661    
   10.7350016    
   17.2858906    
   13.8481979    
   14.5761518    
   9.49258709    
   10.1930857    
   22.1874008    
   12.3683081    
   5.45056915    
   9.49258709    
   10.1222067    
   19.3522949    
   15.9361181    
   14.1411066    
   25.3164768    
   9.60419083    
   1.02938414    
   10.1930857    
   10.1222067    
