5.000000000000000104e-04 2.500000000000000052e-04 -5.000000000000000104e-04 -2.500000000000000052e-04 -2.500000000000000052e-04 -2.500000000000000052e-04 2.500000000000000052e-04 0.000000000000000000e+00 2.500000000000000052e-04 0.000000000000000000e+00
2.500000000000000052e-04 5.000000000000000104e-04 -2.500000000000000052e-04 2.500000000000000052e-04 0.000000000000000000e+00 -5.000000000000000104e-04 -2.500000000000000052e-04 -2.500000000000000052e-04 0.000000000000000000e+00 2.500000000000000052e-04
-5.000000000000000104e-04 -2.500000000000000052e-04 5.000000000000000104e-04 2.500000000000000052e-04 2.500000000000000052e-04 2.500000000000000052e-04 -2.500000000000000052e-04 0.000000000000000000e+00 -2.500000000000000052e-04 0.000000000000000000e+00
-2.500000000000000052e-04 2.500000000000000052e-04 2.500000000000000052e-04 5.000000000000000104e-04 2.500000000000000052e-04 -2.500000000000000052e-04 -5.000000000000000104e-04 -2.500000000000000052e-04 -2.500000000000000052e-04 2.500000000000000052e-04
-2.500000000000000052e-04 0.000000000000000000e+00 2.500000000000000052e-04 2.500000000000000052e-04 5.000000000000000104e-04 0.000000000000000000e+00 -2.500000000000000052e-04 2.500000000000000052e-04 -5.000000000000000104e-04 -2.500000000000000052e-04
-2.500000000000000052e-04 -5.000000000000000104e-04 2.500000000000000052e-04 -2.500000000000000052e-04 0.000000000000000000e+00 5.000000000000000104e-04 2.500000000000000052e-04 2.500000000000000052e-04 0.000000000000000000e+00 -2.500000000000000052e-04
2.500000000000000052e-04 -2.500000000000000052e-04 -2.500000000000000052e-04 -5.000000000000000104e-04 -2.500000000000000052e-04 2.500000000000000052e-04 5.000000000000000104e-04 2.500000000000000052e-04 2.500000000000000052e-04 -2.500000000000000052e-04
0.000000000000000000e+00 -2.500000000000000052e-04 0.000000000000000000e+00 -2.500000000000000052e-04 2.500000000000000052e-04 2.500000000000000052e-04 2.500000000000000052e-04 5.000000000000000104e-04 -2.500000000000000052e-04 -5.000000000000000104e-04
2.500000000000000052e-04 0.000000000000000000e+00 -2.500000000000000052e-04 -2.500000000000000052e-04 -5.000000000000000104e-04 0.000000000000000000e+00 2.500000000000000052e-04 -2.500000000000000052e-04 5.000000000000000104e-04 2.500000000000000052e-04
0.000000000000000000e+00 2.500000000000000052e-04 0.000000000000000000e+00 2.500000000000000052e-04 -2.500000000000000052e-04 -2.500000000000000052e-04 -2.500000000000000052e-04 -5.000000000000000104e-04 2.500000000000000052e-04 5.000000000000000104e-04
