# additive constant
518.500000
#  196 local fields
0 -18.500000
1 -18.750000
2 -18.750000
3 -18.750000
4 -18.750000
5 -18.500000
6 -18.750000
7 -19.000000
8 -19.000000
9 -19.000000
10 -19.000000
11 -18.750000
12 -18.750000
13 -19.000000
14 -19.000000
15 -19.000000
16 -19.000000
17 -18.750000
18 -18.750000
19 -19.000000
20 -19.000000
21 -19.000000
22 -19.000000
23 -18.750000
24 -18.750000
25 -19.000000
26 -19.000000
27 -19.000000
28 -19.000000
29 -18.750000
30 -18.500000
31 -18.750000
32 -18.750000
33 -18.750000
34 -18.750000
35 -18.500000
36 -5.000000
37 -5.000000
38 -5.000000
39 -5.500000
40 -5.000000
41 -5.500000
42 -5.000000
43 -5.500000
44 -5.000000
45 -5.500000
46 -5.000000
47 -5.500000
48 -5.000000
49 -5.500000
50 -5.500000
51 -5.500000
52 -5.500000
53 -5.500000
54 -5.500000
55 -5.500000
56 -5.500000
57 -5.000000
58 -5.500000
59 -5.000000
60 -5.500000
61 -5.500000
62 -5.500000
63 -5.500000
64 -5.500000
65 -5.500000
66 -5.500000
67 -5.500000
68 -5.000000
69 -5.500000
70 -5.000000
71 -5.500000
72 -5.500000
73 -5.500000
74 -5.500000
75 -5.500000
76 -5.500000
77 -5.500000
78 -5.500000
79 -5.000000
80 -5.500000
81 -5.000000
82 -5.500000
83 -5.500000
84 -5.500000
85 -5.500000
86 -5.500000
87 -5.500000
88 -5.500000
89 -5.500000
90 -5.000000
91 -5.000000
92 -5.000000
93 -5.000000
94 -5.000000
95 -5.000000
96 1.000000
97 1.000000
98 0.750000
99 1.000000
100 1.500000
101 1.500000
102 1.000000
103 1.000000
104 1.500000
105 1.500000
106 1.000000
107 1.000000
108 1.500000
109 1.500000
110 1.000000
111 0.750000
112 1.500000
113 1.500000
114 1.000000
115 1.000000
116 1.500000
117 1.000000
118 1.000000
119 1.500000
120 1.500000
121 1.500000
122 1.500000
123 1.500000
124 1.500000
125 1.500000
126 1.500000
127 1.500000
128 1.500000
129 1.500000
130 1.500000
131 1.000000
132 1.500000
133 1.500000
134 1.500000
135 1.000000
136 1.500000
137 1.000000
138 1.000000
139 1.500000
140 1.500000
141 1.500000
142 1.500000
143 1.500000
144 1.500000
145 1.500000
146 1.500000
147 1.500000
148 1.500000
149 1.500000
150 1.500000
151 1.000000
152 1.500000
153 1.500000
154 1.500000
155 1.000000
156 1.500000
157 1.000000
158 1.000000
159 1.500000
160 1.500000
161 1.500000
162 1.500000
163 1.500000
164 1.500000
165 1.500000
166 1.500000
167 1.500000
168 1.500000
169 1.500000
170 1.500000
171 1.000000
172 1.500000
173 1.500000
174 1.500000
175 1.000000
176 1.500000
177 0.750000
178 1.000000
179 1.500000
180 1.000000
181 1.000000
182 1.500000
183 1.500000
184 1.000000
185 1.000000
186 1.500000
187 1.500000
188 1.000000
189 1.000000
190 1.500000
191 1.000000
192 1.000000
193 1.000000
194 1.500000
195 0.750000
# non-zero couplings
0 1 0.250000
0 2 0.250000
0 3 0.250000
0 4 0.250000
0 5 0.250000
0 6 0.250000
0 7 0.250000
0 8 0.250000
0 9 0.250000
0 10 0.250000
0 11 0.250000
0 12 0.250000
0 13 0.250000
0 14 0.250000
0 15 0.250000
0 16 0.250000
0 17 0.250000
0 18 0.250000
0 19 0.250000
0 20 0.250000
0 21 0.250000
0 22 0.250000
0 23 0.250000
0 24 0.250000
0 25 0.250000
0 26 0.250000
0 27 0.250000
0 28 0.250000
0 29 0.250000
0 30 0.250000
0 31 0.250000
0 32 0.250000
0 33 0.250000
0 34 0.250000
0 35 0.250000
0 36 -0.125000
0 37 -0.125000
1 0 0.250000
1 2 0.250000
1 3 0.250000
1 4 0.250000
1 5 0.250000
1 6 0.250000
1 7 0.250000
1 8 0.250000
1 9 0.250000
1 10 0.250000
1 11 0.250000
1 12 0.250000
1 13 0.250000
1 14 0.250000
1 15 0.250000
1 16 0.250000
1 17 0.250000
1 18 0.250000
1 19 0.250000
1 20 0.250000
1 21 0.250000
1 22 0.250000
1 23 0.250000
1 24 0.250000
1 25 0.250000
1 26 0.250000
1 27 0.250000
1 28 0.250000
1 29 0.250000
1 30 0.250000
1 31 0.250000
1 32 0.250000
1 33 0.250000
1 34 0.250000
1 35 0.250000
1 36 -0.125000
1 38 -0.125000
1 39 -0.125000
2 0 0.250000
2 1 0.250000
2 3 0.250000
2 4 0.250000
2 5 0.250000
2 6 0.250000
2 7 0.250000
2 8 0.250000
2 9 0.250000
2 10 0.250000
2 11 0.250000
2 12 0.250000
2 13 0.250000
2 14 0.250000
2 15 0.250000
2 16 0.250000
2 17 0.250000
2 18 0.250000
2 19 0.250000
2 20 0.250000
2 21 0.250000
2 22 0.250000
2 23 0.250000
2 24 0.250000
2 25 0.250000
2 26 0.250000
2 27 0.250000
2 28 0.250000
2 29 0.250000
2 30 0.250000
2 31 0.250000
2 32 0.250000
2 33 0.250000
2 34 0.250000
2 35 0.250000
2 38 -0.125000
2 40 -0.125000
2 41 -0.125000
3 0 0.250000
3 1 0.250000
3 2 0.250000
3 4 0.250000
3 5 0.250000
3 6 0.250000
3 7 0.250000
3 8 0.250000
3 9 0.250000
3 10 0.250000
3 11 0.250000
3 12 0.250000
3 13 0.250000
3 14 0.250000
3 15 0.250000
3 16 0.250000
3 17 0.250000
3 18 0.250000
3 19 0.250000
3 20 0.250000
3 21 0.250000
3 22 0.250000
3 23 0.250000
3 24 0.250000
3 25 0.250000
3 26 0.250000
3 27 0.250000
3 28 0.250000
3 29 0.250000
3 30 0.250000
3 31 0.250000
3 32 0.250000
3 33 0.250000
3 34 0.250000
3 35 0.250000
3 40 -0.125000
3 42 -0.125000
3 43 -0.125000
4 0 0.250000
4 1 0.250000
4 2 0.250000
4 3 0.250000
4 5 0.250000
4 6 0.250000
4 7 0.250000
4 8 0.250000
4 9 0.250000
4 10 0.250000
4 11 0.250000
4 12 0.250000
4 13 0.250000
4 14 0.250000
4 15 0.250000
4 16 0.250000
4 17 0.250000
4 18 0.250000
4 19 0.250000
4 20 0.250000
4 21 0.250000
4 22 0.250000
4 23 0.250000
4 24 0.250000
4 25 0.250000
4 26 0.250000
4 27 0.250000
4 28 0.250000
4 29 0.250000
4 30 0.250000
4 31 0.250000
4 32 0.250000
4 33 0.250000
4 34 0.250000
4 35 0.250000
4 42 -0.125000
4 44 -0.125000
4 45 -0.125000
5 0 0.250000
5 1 0.250000
5 2 0.250000
5 3 0.250000
5 4 0.250000
5 6 0.250000
5 7 0.250000
5 8 0.250000
5 9 0.250000
5 10 0.250000
5 11 0.250000
5 12 0.250000
5 13 0.250000
5 14 0.250000
5 15 0.250000
5 16 0.250000
5 17 0.250000
5 18 0.250000
5 19 0.250000
5 20 0.250000
5 21 0.250000
5 22 0.250000
5 23 0.250000
5 24 0.250000
5 25 0.250000
5 26 0.250000
5 27 0.250000
5 28 0.250000
5 29 0.250000
5 30 0.250000
5 31 0.250000
5 32 0.250000
5 33 0.250000
5 34 0.250000
5 35 0.250000
5 44 -0.125000
5 46 -0.125000
6 0 0.250000
6 1 0.250000
6 2 0.250000
6 3 0.250000
6 4 0.250000
6 5 0.250000
6 7 0.250000
6 8 0.250000
6 9 0.250000
6 10 0.250000
6 11 0.250000
6 12 0.250000
6 13 0.250000
6 14 0.250000
6 15 0.250000
6 16 0.250000
6 17 0.250000
6 18 0.250000
6 19 0.250000
6 20 0.250000
6 21 0.250000
6 22 0.250000
6 23 0.250000
6 24 0.250000
6 25 0.250000
6 26 0.250000
6 27 0.250000
6 28 0.250000
6 29 0.250000
6 30 0.250000
6 31 0.250000
6 32 0.250000
6 33 0.250000
6 34 0.250000
6 35 0.250000
6 37 -0.125000
6 47 -0.125000
6 48 -0.125000
7 0 0.250000
7 1 0.250000
7 2 0.250000
7 3 0.250000
7 4 0.250000
7 5 0.250000
7 6 0.250000
7 8 0.250000
7 9 0.250000
7 10 0.250000
7 11 0.250000
7 12 0.250000
7 13 0.250000
7 14 0.250000
7 15 0.250000
7 16 0.250000
7 17 0.250000
7 18 0.250000
7 19 0.250000
7 20 0.250000
7 21 0.250000
7 22 0.250000
7 23 0.250000
7 24 0.250000
7 25 0.250000
7 26 0.250000
7 27 0.250000
7 28 0.250000
7 29 0.250000
7 30 0.250000
7 31 0.250000
7 32 0.250000
7 33 0.250000
7 34 0.250000
7 35 0.250000
7 39 -0.125000
7 47 -0.125000
7 49 -0.125000
7 50 -0.125000
8 0 0.250000
8 1 0.250000
8 2 0.250000
8 3 0.250000
8 4 0.250000
8 5 0.250000
8 6 0.250000
8 7 0.250000
8 9 0.250000
8 10 0.250000
8 11 0.250000
8 12 0.250000
8 13 0.250000
8 14 0.250000
8 15 0.250000
8 16 0.250000
8 17 0.250000
8 18 0.250000
8 19 0.250000
8 20 0.250000
8 21 0.250000
8 22 0.250000
8 23 0.250000
8 24 0.250000
8 25 0.250000
8 26 0.250000
8 27 0.250000
8 28 0.250000
8 29 0.250000
8 30 0.250000
8 31 0.250000
8 32 0.250000
8 33 0.250000
8 34 0.250000
8 35 0.250000
8 41 -0.125000
8 49 -0.125000
8 51 -0.125000
8 52 -0.125000
9 0 0.250000
9 1 0.250000
9 2 0.250000
9 3 0.250000
9 4 0.250000
9 5 0.250000
9 6 0.250000
9 7 0.250000
9 8 0.250000
9 10 0.250000
9 11 0.250000
9 12 0.250000
9 13 0.250000
9 14 0.250000
9 15 0.250000
9 16 0.250000
9 17 0.250000
9 18 0.250000
9 19 0.250000
9 20 0.250000
9 21 0.250000
9 22 0.250000
9 23 0.250000
9 24 0.250000
9 25 0.250000
9 26 0.250000
9 27 0.250000
9 28 0.250000
9 29 0.250000
9 30 0.250000
9 31 0.250000
9 32 0.250000
9 33 0.250000
9 34 0.250000
9 35 0.250000
9 43 -0.125000
9 51 -0.125000
9 53 -0.125000
9 54 -0.125000
10 0 0.250000
10 1 0.250000
10 2 0.250000
10 3 0.250000
10 4 0.250000
10 5 0.250000
10 6 0.250000
10 7 0.250000
10 8 0.250000
10 9 0.250000
10 11 0.250000
10 12 0.250000
10 13 0.250000
10 14 0.250000
10 15 0.250000
10 16 0.250000
10 17 0.250000
10 18 0.250000
10 19 0.250000
10 20 0.250000
10 21 0.250000
10 22 0.250000
10 23 0.250000
10 24 0.250000
10 25 0.250000
10 26 0.250000
10 27 0.250000
10 28 0.250000
10 29 0.250000
10 30 0.250000
10 31 0.250000
10 32 0.250000
10 33 0.250000
10 34 0.250000
10 35 0.250000
10 45 -0.125000
10 53 -0.125000
10 55 -0.125000
10 56 -0.125000
11 0 0.250000
11 1 0.250000
11 2 0.250000
11 3 0.250000
11 4 0.250000
11 5 0.250000
11 6 0.250000
11 7 0.250000
11 8 0.250000
11 9 0.250000
11 10 0.250000
11 12 0.250000
11 13 0.250000
11 14 0.250000
11 15 0.250000
11 16 0.250000
11 17 0.250000
11 18 0.250000
11 19 0.250000
11 20 0.250000
11 21 0.250000
11 22 0.250000
11 23 0.250000
11 24 0.250000
11 25 0.250000
11 26 0.250000
11 27 0.250000
11 28 0.250000
11 29 0.250000
11 30 0.250000
11 31 0.250000
11 32 0.250000
11 33 0.250000
11 34 0.250000
11 35 0.250000
11 46 -0.125000
11 55 -0.125000
11 57 -0.125000
12 0 0.250000
12 1 0.250000
12 2 0.250000
12 3 0.250000
12 4 0.250000
12 5 0.250000
12 6 0.250000
12 7 0.250000
12 8 0.250000
12 9 0.250000
12 10 0.250000
12 11 0.250000
12 13 0.250000
12 14 0.250000
12 15 0.250000
12 16 0.250000
12 17 0.250000
12 18 0.250000
12 19 0.250000
12 20 0.250000
12 21 0.250000
12 22 0.250000
12 23 0.250000
12 24 0.250000
12 25 0.250000
12 26 0.250000
12 27 0.250000
12 28 0.250000
12 29 0.250000
12 30 0.250000
12 31 0.250000
12 32 0.250000
12 33 0.250000
12 34 0.250000
12 35 0.250000
12 48 -0.125000
12 58 -0.125000
12 59 -0.125000
13 0 0.250000
13 1 0.250000
13 2 0.250000
13 3 0.250000
13 4 0.250000
13 5 0.250000
13 6 0.250000
13 7 0.250000
13 8 0.250000
13 9 0.250000
13 10 0.250000
13 11 0.250000
13 12 0.250000
13 14 0.250000
13 15 0.250000
13 16 0.250000
13 17 0.250000
13 18 0.250000
13 19 0.250000
13 20 0.250000
13 21 0.250000
13 22 0.250000
13 23 0.250000
13 24 0.250000
13 25 0.250000
13 26 0.250000
13 27 0.250000
13 28 0.250000
13 29 0.250000
13 30 0.250000
13 31 0.250000
13 32 0.250000
13 33 0.250000
13 34 0.250000
13 35 0.250000
13 50 -0.125000
13 58 -0.125000
13 60 -0.125000
13 61 -0.125000
14 0 0.250000
14 1 0.250000
14 2 0.250000
14 3 0.250000
14 4 0.250000
14 5 0.250000
14 6 0.250000
14 7 0.250000
14 8 0.250000
14 9 0.250000
14 10 0.250000
14 11 0.250000
14 12 0.250000
14 13 0.250000
14 15 0.250000
14 16 0.250000
14 17 0.250000
14 18 0.250000
14 19 0.250000
14 20 0.250000
14 21 0.250000
14 22 0.250000
14 23 0.250000
14 24 0.250000
14 25 0.250000
14 26 0.250000
14 27 0.250000
14 28 0.250000
14 29 0.250000
14 30 0.250000
14 31 0.250000
14 32 0.250000
14 33 0.250000
14 34 0.250000
14 35 0.250000
14 52 -0.125000
14 60 -0.125000
14 62 -0.125000
14 63 -0.125000
15 0 0.250000
15 1 0.250000
15 2 0.250000
15 3 0.250000
15 4 0.250000
15 5 0.250000
15 6 0.250000
15 7 0.250000
15 8 0.250000
15 9 0.250000
15 10 0.250000
15 11 0.250000
15 12 0.250000
15 13 0.250000
15 14 0.250000
15 16 0.250000
15 17 0.250000
15 18 0.250000
15 19 0.250000
15 20 0.250000
15 21 0.250000
15 22 0.250000
15 23 0.250000
15 24 0.250000
15 25 0.250000
15 26 0.250000
15 27 0.250000
15 28 0.250000
15 29 0.250000
15 30 0.250000
15 31 0.250000
15 32 0.250000
15 33 0.250000
15 34 0.250000
15 35 0.250000
15 54 -0.125000
15 62 -0.125000
15 64 -0.125000
15 65 -0.125000
16 0 0.250000
16 1 0.250000
16 2 0.250000
16 3 0.250000
16 4 0.250000
16 5 0.250000
16 6 0.250000
16 7 0.250000
16 8 0.250000
16 9 0.250000
16 10 0.250000
16 11 0.250000
16 12 0.250000
16 13 0.250000
16 14 0.250000
16 15 0.250000
16 17 0.250000
16 18 0.250000
16 19 0.250000
16 20 0.250000
16 21 0.250000
16 22 0.250000
16 23 0.250000
16 24 0.250000
16 25 0.250000
16 26 0.250000
16 27 0.250000
16 28 0.250000
16 29 0.250000
16 30 0.250000
16 31 0.250000
16 32 0.250000
16 33 0.250000
16 34 0.250000
16 35 0.250000
16 56 -0.125000
16 64 -0.125000
16 66 -0.125000
16 67 -0.125000
17 0 0.250000
17 1 0.250000
17 2 0.250000
17 3 0.250000
17 4 0.250000
17 5 0.250000
17 6 0.250000
17 7 0.250000
17 8 0.250000
17 9 0.250000
17 10 0.250000
17 11 0.250000
17 12 0.250000
17 13 0.250000
17 14 0.250000
17 15 0.250000
17 16 0.250000
17 18 0.250000
17 19 0.250000
17 20 0.250000
17 21 0.250000
17 22 0.250000
17 23 0.250000
17 24 0.250000
17 25 0.250000
17 26 0.250000
17 27 0.250000
17 28 0.250000
17 29 0.250000
17 30 0.250000
17 31 0.250000
17 32 0.250000
17 33 0.250000
17 34 0.250000
17 35 0.250000
17 57 -0.125000
17 66 -0.125000
17 68 -0.125000
18 0 0.250000
18 1 0.250000
18 2 0.250000
18 3 0.250000
18 4 0.250000
18 5 0.250000
18 6 0.250000
18 7 0.250000
18 8 0.250000
18 9 0.250000
18 10 0.250000
18 11 0.250000
18 12 0.250000
18 13 0.250000
18 14 0.250000
18 15 0.250000
18 16 0.250000
18 17 0.250000
18 19 0.250000
18 20 0.250000
18 21 0.250000
18 22 0.250000
18 23 0.250000
18 24 0.250000
18 25 0.250000
18 26 0.250000
18 27 0.250000
18 28 0.250000
18 29 0.250000
18 30 0.250000
18 31 0.250000
18 32 0.250000
18 33 0.250000
18 34 0.250000
18 35 0.250000
18 59 -0.125000
18 69 -0.125000
18 70 -0.125000
19 0 0.250000
19 1 0.250000
19 2 0.250000
19 3 0.250000
19 4 0.250000
19 5 0.250000
19 6 0.250000
19 7 0.250000
19 8 0.250000
19 9 0.250000
19 10 0.250000
19 11 0.250000
19 12 0.250000
19 13 0.250000
19 14 0.250000
19 15 0.250000
19 16 0.250000
19 17 0.250000
19 18 0.250000
19 20 0.250000
19 21 0.250000
19 22 0.250000
19 23 0.250000
19 24 0.250000
19 25 0.250000
19 26 0.250000
19 27 0.250000
19 28 0.250000
19 29 0.250000
19 30 0.250000
19 31 0.250000
19 32 0.250000
19 33 0.250000
19 34 0.250000
19 35 0.250000
19 61 -0.125000
19 69 -0.125000
19 71 -0.125000
19 72 -0.125000
20 0 0.250000
20 1 0.250000
20 2 0.250000
20 3 0.250000
20 4 0.250000
20 5 0.250000
20 6 0.250000
20 7 0.250000
20 8 0.250000
20 9 0.250000
20 10 0.250000
20 11 0.250000
20 12 0.250000
20 13 0.250000
20 14 0.250000
20 15 0.250000
20 16 0.250000
20 17 0.250000
20 18 0.250000
20 19 0.250000
20 21 0.250000
20 22 0.250000
20 23 0.250000
20 24 0.250000
20 25 0.250000
20 26 0.250000
20 27 0.250000
20 28 0.250000
20 29 0.250000
20 30 0.250000
20 31 0.250000
20 32 0.250000
20 33 0.250000
20 34 0.250000
20 35 0.250000
20 63 -0.125000
20 71 -0.125000
20 73 -0.125000
20 74 -0.125000
21 0 0.250000
21 1 0.250000
21 2 0.250000
21 3 0.250000
21 4 0.250000
21 5 0.250000
21 6 0.250000
21 7 0.250000
21 8 0.250000
21 9 0.250000
21 10 0.250000
21 11 0.250000
21 12 0.250000
21 13 0.250000
21 14 0.250000
21 15 0.250000
21 16 0.250000
21 17 0.250000
21 18 0.250000
21 19 0.250000
21 20 0.250000
21 22 0.250000
21 23 0.250000
21 24 0.250000
21 25 0.250000
21 26 0.250000
21 27 0.250000
21 28 0.250000
21 29 0.250000
21 30 0.250000
21 31 0.250000
21 32 0.250000
21 33 0.250000
21 34 0.250000
21 35 0.250000
21 65 -0.125000
21 73 -0.125000
21 75 -0.125000
21 76 -0.125000
22 0 0.250000
22 1 0.250000
22 2 0.250000
22 3 0.250000
22 4 0.250000
22 5 0.250000
22 6 0.250000
22 7 0.250000
22 8 0.250000
22 9 0.250000
22 10 0.250000
22 11 0.250000
22 12 0.250000
22 13 0.250000
22 14 0.250000
22 15 0.250000
22 16 0.250000
22 17 0.250000
22 18 0.250000
22 19 0.250000
22 20 0.250000
22 21 0.250000
22 23 0.250000
22 24 0.250000
22 25 0.250000
22 26 0.250000
22 27 0.250000
22 28 0.250000
22 29 0.250000
22 30 0.250000
22 31 0.250000
22 32 0.250000
22 33 0.250000
22 34 0.250000
22 35 0.250000
22 67 -0.125000
22 75 -0.125000
22 77 -0.125000
22 78 -0.125000
23 0 0.250000
23 1 0.250000
23 2 0.250000
23 3 0.250000
23 4 0.250000
23 5 0.250000
23 6 0.250000
23 7 0.250000
23 8 0.250000
23 9 0.250000
23 10 0.250000
23 11 0.250000
23 12 0.250000
23 13 0.250000
23 14 0.250000
23 15 0.250000
23 16 0.250000
23 17 0.250000
23 18 0.250000
23 19 0.250000
23 20 0.250000
23 21 0.250000
23 22 0.250000
23 24 0.250000
23 25 0.250000
23 26 0.250000
23 27 0.250000
23 28 0.250000
23 29 0.250000
23 30 0.250000
23 31 0.250000
23 32 0.250000
23 33 0.250000
23 34 0.250000
23 35 0.250000
23 68 -0.125000
23 77 -0.125000
23 79 -0.125000
24 0 0.250000
24 1 0.250000
24 2 0.250000
24 3 0.250000
24 4 0.250000
24 5 0.250000
24 6 0.250000
24 7 0.250000
24 8 0.250000
24 9 0.250000
24 10 0.250000
24 11 0.250000
24 12 0.250000
24 13 0.250000
24 14 0.250000
24 15 0.250000
24 16 0.250000
24 17 0.250000
24 18 0.250000
24 19 0.250000
24 20 0.250000
24 21 0.250000
24 22 0.250000
24 23 0.250000
24 25 0.250000
24 26 0.250000
24 27 0.250000
24 28 0.250000
24 29 0.250000
24 30 0.250000
24 31 0.250000
24 32 0.250000
24 33 0.250000
24 34 0.250000
24 35 0.250000
24 70 -0.125000
24 80 -0.125000
24 81 -0.125000
25 0 0.250000
25 1 0.250000
25 2 0.250000
25 3 0.250000
25 4 0.250000
25 5 0.250000
25 6 0.250000
25 7 0.250000
25 8 0.250000
25 9 0.250000
25 10 0.250000
25 11 0.250000
25 12 0.250000
25 13 0.250000
25 14 0.250000
25 15 0.250000
25 16 0.250000
25 17 0.250000
25 18 0.250000
25 19 0.250000
25 20 0.250000
25 21 0.250000
25 22 0.250000
25 23 0.250000
25 24 0.250000
25 26 0.250000
25 27 0.250000
25 28 0.250000
25 29 0.250000
25 30 0.250000
25 31 0.250000
25 32 0.250000
25 33 0.250000
25 34 0.250000
25 35 0.250000
25 72 -0.125000
25 80 -0.125000
25 82 -0.125000
25 83 -0.125000
26 0 0.250000
26 1 0.250000
26 2 0.250000
26 3 0.250000
26 4 0.250000
26 5 0.250000
26 6 0.250000
26 7 0.250000
26 8 0.250000
26 9 0.250000
26 10 0.250000
26 11 0.250000
26 12 0.250000
26 13 0.250000
26 14 0.250000
26 15 0.250000
26 16 0.250000
26 17 0.250000
26 18 0.250000
26 19 0.250000
26 20 0.250000
26 21 0.250000
26 22 0.250000
26 23 0.250000
26 24 0.250000
26 25 0.250000
26 27 0.250000
26 28 0.250000
26 29 0.250000
26 30 0.250000
26 31 0.250000
26 32 0.250000
26 33 0.250000
26 34 0.250000
26 35 0.250000
26 74 -0.125000
26 82 -0.125000
26 84 -0.125000
26 85 -0.125000
27 0 0.250000
27 1 0.250000
27 2 0.250000
27 3 0.250000
27 4 0.250000
27 5 0.250000
27 6 0.250000
27 7 0.250000
27 8 0.250000
27 9 0.250000
27 10 0.250000
27 11 0.250000
27 12 0.250000
27 13 0.250000
27 14 0.250000
27 15 0.250000
27 16 0.250000
27 17 0.250000
27 18 0.250000
27 19 0.250000
27 20 0.250000
27 21 0.250000
27 22 0.250000
27 23 0.250000
27 24 0.250000
27 25 0.250000
27 26 0.250000
27 28 0.250000
27 29 0.250000
27 30 0.250000
27 31 0.250000
27 32 0.250000
27 33 0.250000
27 34 0.250000
27 35 0.250000
27 76 -0.125000
27 84 -0.125000
27 86 -0.125000
27 87 -0.125000
28 0 0.250000
28 1 0.250000
28 2 0.250000
28 3 0.250000
28 4 0.250000
28 5 0.250000
28 6 0.250000
28 7 0.250000
28 8 0.250000
28 9 0.250000
28 10 0.250000
28 11 0.250000
28 12 0.250000
28 13 0.250000
28 14 0.250000
28 15 0.250000
28 16 0.250000
28 17 0.250000
28 18 0.250000
28 19 0.250000
28 20 0.250000
28 21 0.250000
28 22 0.250000
28 23 0.250000
28 24 0.250000
28 25 0.250000
28 26 0.250000
28 27 0.250000
28 29 0.250000
28 30 0.250000
28 31 0.250000
28 32 0.250000
28 33 0.250000
28 34 0.250000
28 35 0.250000
28 78 -0.125000
28 86 -0.125000
28 88 -0.125000
28 89 -0.125000
29 0 0.250000
29 1 0.250000
29 2 0.250000
29 3 0.250000
29 4 0.250000
29 5 0.250000
29 6 0.250000
29 7 0.250000
29 8 0.250000
29 9 0.250000
29 10 0.250000
29 11 0.250000
29 12 0.250000
29 13 0.250000
29 14 0.250000
29 15 0.250000
29 16 0.250000
29 17 0.250000
29 18 0.250000
29 19 0.250000
29 20 0.250000
29 21 0.250000
29 22 0.250000
29 23 0.250000
29 24 0.250000
29 25 0.250000
29 26 0.250000
29 27 0.250000
29 28 0.250000
29 30 0.250000
29 31 0.250000
29 32 0.250000
29 33 0.250000
29 34 0.250000
29 35 0.250000
29 79 -0.125000
29 88 -0.125000
29 90 -0.125000
30 0 0.250000
30 1 0.250000
30 2 0.250000
30 3 0.250000
30 4 0.250000
30 5 0.250000
30 6 0.250000
30 7 0.250000
30 8 0.250000
30 9 0.250000
30 10 0.250000
30 11 0.250000
30 12 0.250000
30 13 0.250000
30 14 0.250000
30 15 0.250000
30 16 0.250000
30 17 0.250000
30 18 0.250000
30 19 0.250000
30 20 0.250000
30 21 0.250000
30 22 0.250000
30 23 0.250000
30 24 0.250000
30 25 0.250000
30 26 0.250000
30 27 0.250000
30 28 0.250000
30 29 0.250000
30 31 0.250000
30 32 0.250000
30 33 0.250000
30 34 0.250000
30 35 0.250000
30 81 -0.125000
30 91 -0.125000
31 0 0.250000
31 1 0.250000
31 2 0.250000
31 3 0.250000
31 4 0.250000
31 5 0.250000
31 6 0.250000
31 7 0.250000
31 8 0.250000
31 9 0.250000
31 10 0.250000
31 11 0.250000
31 12 0.250000
31 13 0.250000
31 14 0.250000
31 15 0.250000
31 16 0.250000
31 17 0.250000
31 18 0.250000
31 19 0.250000
31 20 0.250000
31 21 0.250000
31 22 0.250000
31 23 0.250000
31 24 0.250000
31 25 0.250000
31 26 0.250000
31 27 0.250000
31 28 0.250000
31 29 0.250000
31 30 0.250000
31 32 0.250000
31 33 0.250000
31 34 0.250000
31 35 0.250000
31 83 -0.125000
31 91 -0.125000
31 92 -0.125000
32 0 0.250000
32 1 0.250000
32 2 0.250000
32 3 0.250000
32 4 0.250000
32 5 0.250000
32 6 0.250000
32 7 0.250000
32 8 0.250000
32 9 0.250000
32 10 0.250000
32 11 0.250000
32 12 0.250000
32 13 0.250000
32 14 0.250000
32 15 0.250000
32 16 0.250000
32 17 0.250000
32 18 0.250000
32 19 0.250000
32 20 0.250000
32 21 0.250000
32 22 0.250000
32 23 0.250000
32 24 0.250000
32 25 0.250000
32 26 0.250000
32 27 0.250000
32 28 0.250000
32 29 0.250000
32 30 0.250000
32 31 0.250000
32 33 0.250000
32 34 0.250000
32 35 0.250000
32 85 -0.125000
32 92 -0.125000
32 93 -0.125000
33 0 0.250000
33 1 0.250000
33 2 0.250000
33 3 0.250000
33 4 0.250000
33 5 0.250000
33 6 0.250000
33 7 0.250000
33 8 0.250000
33 9 0.250000
33 10 0.250000
33 11 0.250000
33 12 0.250000
33 13 0.250000
33 14 0.250000
33 15 0.250000
33 16 0.250000
33 17 0.250000
33 18 0.250000
33 19 0.250000
33 20 0.250000
33 21 0.250000
33 22 0.250000
33 23 0.250000
33 24 0.250000
33 25 0.250000
33 26 0.250000
33 27 0.250000
33 28 0.250000
33 29 0.250000
33 30 0.250000
33 31 0.250000
33 32 0.250000
33 34 0.250000
33 35 0.250000
33 87 -0.125000
33 93 -0.125000
33 94 -0.125000
34 0 0.250000
34 1 0.250000
34 2 0.250000
34 3 0.250000
34 4 0.250000
34 5 0.250000
34 6 0.250000
34 7 0.250000
34 8 0.250000
34 9 0.250000
34 10 0.250000
34 11 0.250000
34 12 0.250000
34 13 0.250000
34 14 0.250000
34 15 0.250000
34 16 0.250000
34 17 0.250000
34 18 0.250000
34 19 0.250000
34 20 0.250000
34 21 0.250000
34 22 0.250000
34 23 0.250000
34 24 0.250000
34 25 0.250000
34 26 0.250000
34 27 0.250000
34 28 0.250000
34 29 0.250000
34 30 0.250000
34 31 0.250000
34 32 0.250000
34 33 0.250000
34 35 0.250000
34 89 -0.125000
34 94 -0.125000
34 95 -0.125000
35 0 0.250000
35 1 0.250000
35 2 0.250000
35 3 0.250000
35 4 0.250000
35 5 0.250000
35 6 0.250000
35 7 0.250000
35 8 0.250000
35 9 0.250000
35 10 0.250000
35 11 0.250000
35 12 0.250000
35 13 0.250000
35 14 0.250000
35 15 0.250000
35 16 0.250000
35 17 0.250000
35 18 0.250000
35 19 0.250000
35 20 0.250000
35 21 0.250000
35 22 0.250000
35 23 0.250000
35 24 0.250000
35 25 0.250000
35 26 0.250000
35 27 0.250000
35 28 0.250000
35 29 0.250000
35 30 0.250000
35 31 0.250000
35 32 0.250000
35 33 0.250000
35 34 0.250000
35 90 -0.125000
35 95 -0.125000
36 0 -0.125000
36 1 -0.125000
36 37 0.375000
36 38 0.250000
36 39 0.375000
36 40 0.250000
36 41 0.250000
36 42 0.250000
36 43 0.250000
36 44 0.250000
36 45 0.250000
36 46 0.250000
36 47 0.250000
36 48 0.250000
36 49 0.250000
36 50 0.250000
36 51 0.250000
36 52 0.250000
36 53 0.250000
36 54 0.250000
36 55 0.250000
36 56 0.250000
36 57 0.250000
36 58 0.250000
36 59 0.250000
36 60 0.250000
36 61 0.250000
36 62 0.250000
36 63 0.250000
36 64 0.250000
36 65 0.250000
36 66 0.250000
36 67 0.250000
36 68 0.250000
36 69 0.250000
36 70 0.250000
36 71 0.250000
36 72 0.250000
36 73 0.250000
36 74 0.250000
36 75 0.250000
36 76 0.250000
36 77 0.250000
36 78 0.250000
36 79 0.250000
36 80 0.250000
36 81 0.250000
36 82 0.250000
36 83 0.250000
36 84 0.250000
36 85 0.250000
36 86 0.250000
36 87 0.250000
36 88 0.250000
36 89 0.250000
36 90 0.250000
36 91 0.250000
36 92 0.250000
36 93 0.250000
36 94 0.250000
36 95 0.250000
36 96 -0.250000
36 98 -0.250000
37 0 -0.125000
37 6 -0.125000
37 36 0.375000
37 38 0.250000
37 39 0.250000
37 40 0.250000
37 41 0.250000
37 42 0.250000
37 43 0.250000
37 44 0.250000
37 45 0.250000
37 46 0.250000
37 47 0.375000
37 48 0.250000
37 49 0.250000
37 50 0.250000
37 51 0.250000
37 52 0.250000
37 53 0.250000
37 54 0.250000
37 55 0.250000
37 56 0.250000
37 57 0.250000
37 58 0.250000
37 59 0.250000
37 60 0.250000
37 61 0.250000
37 62 0.250000
37 63 0.250000
37 64 0.250000
37 65 0.250000
37 66 0.250000
37 67 0.250000
37 68 0.250000
37 69 0.250000
37 70 0.250000
37 71 0.250000
37 72 0.250000
37 73 0.250000
37 74 0.250000
37 75 0.250000
37 76 0.250000
37 77 0.250000
37 78 0.250000
37 79 0.250000
37 80 0.250000
37 81 0.250000
37 82 0.250000
37 83 0.250000
37 84 0.250000
37 85 0.250000
37 86 0.250000
37 87 0.250000
37 88 0.250000
37 89 0.250000
37 90 0.250000
37 91 0.250000
37 92 0.250000
37 93 0.250000
37 94 0.250000
37 95 0.250000
37 97 -0.250000
37 98 -0.250000
38 1 -0.125000
38 2 -0.125000
38 36 0.250000
38 37 0.250000
38 39 0.375000
38 40 0.250000
38 41 0.375000
38 42 0.250000
38 43 0.250000
38 44 0.250000
38 45 0.250000
38 46 0.250000
38 47 0.250000
38 48 0.250000
38 49 0.250000
38 50 0.250000
38 51 0.250000
38 52 0.250000
38 53 0.250000
38 54 0.250000
38 55 0.250000
38 56 0.250000
38 57 0.250000
38 58 0.250000
38 59 0.250000
38 60 0.250000
38 61 0.250000
38 62 0.250000
38 63 0.250000
38 64 0.250000
38 65 0.250000
38 66 0.250000
38 67 0.250000
38 68 0.250000
38 69 0.250000
38 70 0.250000
38 71 0.250000
38 72 0.250000
38 73 0.250000
38 74 0.250000
38 75 0.250000
38 76 0.250000
38 77 0.250000
38 78 0.250000
38 79 0.250000
38 80 0.250000
38 81 0.250000
38 82 0.250000
38 83 0.250000
38 84 0.250000
38 85 0.250000
38 86 0.250000
38 87 0.250000
38 88 0.250000
38 89 0.250000
38 90 0.250000
38 91 0.250000
38 92 0.250000
38 93 0.250000
38 94 0.250000
38 95 0.250000
38 99 -0.250000
38 102 -0.250000
39 1 -0.125000
39 7 -0.125000
39 36 0.375000
39 37 0.250000
39 38 0.375000
39 40 0.250000
39 41 0.250000
39 42 0.250000
39 43 0.250000
39 44 0.250000
39 45 0.250000
39 46 0.250000
39 47 0.375000
39 48 0.250000
39 49 0.375000
39 50 0.250000
39 51 0.250000
39 52 0.250000
39 53 0.250000
39 54 0.250000
39 55 0.250000
39 56 0.250000
39 57 0.250000
39 58 0.250000
39 59 0.250000
39 60 0.250000
39 61 0.250000
39 62 0.250000
39 63 0.250000
39 64 0.250000
39 65 0.250000
39 66 0.250000
39 67 0.250000
39 68 0.250000
39 69 0.250000
39 70 0.250000
39 71 0.250000
39 72 0.250000
39 73 0.250000
39 74 0.250000
39 75 0.250000
39 76 0.250000
39 77 0.250000
39 78 0.250000
39 79 0.250000
39 80 0.250000
39 81 0.250000
39 82 0.250000
39 83 0.250000
39 84 0.250000
39 85 0.250000
39 86 0.250000
39 87 0.250000
39 88 0.250000
39 89 0.250000
39 90 0.250000
39 91 0.250000
39 92 0.250000
39 93 0.250000
39 94 0.250000
39 95 0.250000
39 96 -0.250000
39 100 -0.250000
39 101 -0.250000
39 102 -0.250000
40 2 -0.125000
40 3 -0.125000
40 36 0.250000
40 37 0.250000
40 38 0.250000
40 39 0.250000
40 41 0.375000
40 42 0.250000
40 43 0.375000
40 44 0.250000
40 45 0.250000
40 46 0.250000
40 47 0.250000
40 48 0.250000
40 49 0.250000
40 50 0.250000
40 51 0.250000
40 52 0.250000
40 53 0.250000
40 54 0.250000
40 55 0.250000
40 56 0.250000
40 57 0.250000
40 58 0.250000
40 59 0.250000
40 60 0.250000
40 61 0.250000
40 62 0.250000
40 63 0.250000
40 64 0.250000
40 65 0.250000
40 66 0.250000
40 67 0.250000
40 68 0.250000
40 69 0.250000
40 70 0.250000
40 71 0.250000
40 72 0.250000
40 73 0.250000
40 74 0.250000
40 75 0.250000
40 76 0.250000
40 77 0.250000
40 78 0.250000
40 79 0.250000
40 80 0.250000
40 81 0.250000
40 82 0.250000
40 83 0.250000
40 84 0.250000
40 85 0.250000
40 86 0.250000
40 87 0.250000
40 88 0.250000
40 89 0.250000
40 90 0.250000
40 91 0.250000
40 92 0.250000
40 93 0.250000
40 94 0.250000
40 95 0.250000
40 103 -0.250000
40 106 -0.250000
41 2 -0.125000
41 8 -0.125000
41 36 0.250000
41 37 0.250000
41 38 0.375000
41 39 0.250000
41 40 0.375000
41 42 0.250000
41 43 0.250000
41 44 0.250000
41 45 0.250000
41 46 0.250000
41 47 0.250000
41 48 0.250000
41 49 0.375000
41 50 0.250000
41 51 0.375000
41 52 0.250000
41 53 0.250000
41 54 0.250000
41 55 0.250000
41 56 0.250000
41 57 0.250000
41 58 0.250000
41 59 0.250000
41 60 0.250000
41 61 0.250000
41 62 0.250000
41 63 0.250000
41 64 0.250000
41 65 0.250000
41 66 0.250000
41 67 0.250000
41 68 0.250000
41 69 0.250000
41 70 0.250000
41 71 0.250000
41 72 0.250000
41 73 0.250000
41 74 0.250000
41 75 0.250000
41 76 0.250000
41 77 0.250000
41 78 0.250000
41 79 0.250000
41 80 0.250000
41 81 0.250000
41 82 0.250000
41 83 0.250000
41 84 0.250000
41 85 0.250000
41 86 0.250000
41 87 0.250000
41 88 0.250000
41 89 0.250000
41 90 0.250000
41 91 0.250000
41 92 0.250000
41 93 0.250000
41 94 0.250000
41 95 0.250000
41 99 -0.250000
41 104 -0.250000
41 105 -0.250000
41 106 -0.250000
42 3 -0.125000
42 4 -0.125000
42 36 0.250000
42 37 0.250000
42 38 0.250000
42 39 0.250000
42 40 0.250000
42 41 0.250000
42 43 0.375000
42 44 0.250000
42 45 0.375000
42 46 0.250000
42 47 0.250000
42 48 0.250000
42 49 0.250000
42 50 0.250000
42 51 0.250000
42 52 0.250000
42 53 0.250000
42 54 0.250000
42 55 0.250000
42 56 0.250000
42 57 0.250000
42 58 0.250000
42 59 0.250000
42 60 0.250000
42 61 0.250000
42 62 0.250000
42 63 0.250000
42 64 0.250000
42 65 0.250000
42 66 0.250000
42 67 0.250000
42 68 0.250000
42 69 0.250000
42 70 0.250000
42 71 0.250000
42 72 0.250000
42 73 0.250000
42 74 0.250000
42 75 0.250000
42 76 0.250000
42 77 0.250000
42 78 0.250000
42 79 0.250000
42 80 0.250000
42 81 0.250000
42 82 0.250000
42 83 0.250000
42 84 0.250000
42 85 0.250000
42 86 0.250000
42 87 0.250000
42 88 0.250000
42 89 0.250000
42 90 0.250000
42 91 0.250000
42 92 0.250000
42 93 0.250000
42 94 0.250000
42 95 0.250000
42 107 -0.250000
42 110 -0.250000
43 3 -0.125000
43 9 -0.125000
43 36 0.250000
43 37 0.250000
43 38 0.250000
43 39 0.250000
43 40 0.375000
43 41 0.250000
43 42 0.375000
43 44 0.250000
43 45 0.250000
43 46 0.250000
43 47 0.250000
43 48 0.250000
43 49 0.250000
43 50 0.250000
43 51 0.375000
43 52 0.250000
43 53 0.375000
43 54 0.250000
43 55 0.250000
43 56 0.250000
43 57 0.250000
43 58 0.250000
43 59 0.250000
43 60 0.250000
43 61 0.250000
43 62 0.250000
43 63 0.250000
43 64 0.250000
43 65 0.250000
43 66 0.250000
43 67 0.250000
43 68 0.250000
43 69 0.250000
43 70 0.250000
43 71 0.250000
43 72 0.250000
43 73 0.250000
43 74 0.250000
43 75 0.250000
43 76 0.250000
43 77 0.250000
43 78 0.250000
43 79 0.250000
43 80 0.250000
43 81 0.250000
43 82 0.250000
43 83 0.250000
43 84 0.250000
43 85 0.250000
43 86 0.250000
43 87 0.250000
43 88 0.250000
43 89 0.250000
43 90 0.250000
43 91 0.250000
43 92 0.250000
43 93 0.250000
43 94 0.250000
43 95 0.250000
43 103 -0.250000
43 108 -0.250000
43 109 -0.250000
43 110 -0.250000
44 4 -0.125000
44 5 -0.125000
44 36 0.250000
44 37 0.250000
44 38 0.250000
44 39 0.250000
44 40 0.250000
44 41 0.250000
44 42 0.250000
44 43 0.250000
44 45 0.375000
44 46 0.375000
44 47 0.250000
44 48 0.250000
44 49 0.250000
44 50 0.250000
44 51 0.250000
44 52 0.250000
44 53 0.250000
44 54 0.250000
44 55 0.250000
44 56 0.250000
44 57 0.250000
44 58 0.250000
44 59 0.250000
44 60 0.250000
44 61 0.250000
44 62 0.250000
44 63 0.250000
44 64 0.250000
44 65 0.250000
44 66 0.250000
44 67 0.250000
44 68 0.250000
44 69 0.250000
44 70 0.250000
44 71 0.250000
44 72 0.250000
44 73 0.250000
44 74 0.250000
44 75 0.250000
44 76 0.250000
44 77 0.250000
44 78 0.250000
44 79 0.250000
44 80 0.250000
44 81 0.250000
44 82 0.250000
44 83 0.250000
44 84 0.250000
44 85 0.250000
44 86 0.250000
44 87 0.250000
44 88 0.250000
44 89 0.250000
44 90 0.250000
44 91 0.250000
44 92 0.250000
44 93 0.250000
44 94 0.250000
44 95 0.250000
44 111 -0.250000
44 114 -0.250000
45 4 -0.125000
45 10 -0.125000
45 36 0.250000
45 37 0.250000
45 38 0.250000
45 39 0.250000
45 40 0.250000
45 41 0.250000
45 42 0.375000
45 43 0.250000
45 44 0.375000
45 46 0.250000
45 47 0.250000
45 48 0.250000
45 49 0.250000
45 50 0.250000
45 51 0.250000
45 52 0.250000
45 53 0.375000
45 54 0.250000
45 55 0.375000
45 56 0.250000
45 57 0.250000
45 58 0.250000
45 59 0.250000
45 60 0.250000
45 61 0.250000
45 62 0.250000
45 63 0.250000
45 64 0.250000
45 65 0.250000
45 66 0.250000
45 67 0.250000
45 68 0.250000
45 69 0.250000
45 70 0.250000
45 71 0.250000
45 72 0.250000
45 73 0.250000
45 74 0.250000
45 75 0.250000
45 76 0.250000
45 77 0.250000
45 78 0.250000
45 79 0.250000
45 80 0.250000
45 81 0.250000
45 82 0.250000
45 83 0.250000
45 84 0.250000
45 85 0.250000
45 86 0.250000
45 87 0.250000
45 88 0.250000
45 89 0.250000
45 90 0.250000
45 91 0.250000
45 92 0.250000
45 93 0.250000
45 94 0.250000
45 95 0.250000
45 107 -0.250000
45 112 -0.250000
45 113 -0.250000
45 114 -0.250000
46 5 -0.125000
46 11 -0.125000
46 36 0.250000
46 37 0.250000
46 38 0.250000
46 39 0.250000
46 40 0.250000
46 41 0.250000
46 42 0.250000
46 43 0.250000
46 44 0.375000
46 45 0.250000
46 47 0.250000
46 48 0.250000
46 49 0.250000
46 50 0.250000
46 51 0.250000
46 52 0.250000
46 53 0.250000
46 54 0.250000
46 55 0.375000
46 56 0.250000
46 57 0.250000
46 58 0.250000
46 59 0.250000
46 60 0.250000
46 61 0.250000
46 62 0.250000
46 63 0.250000
46 64 0.250000
46 65 0.250000
46 66 0.250000
46 67 0.250000
46 68 0.250000
46 69 0.250000
46 70 0.250000
46 71 0.250000
46 72 0.250000
46 73 0.250000
46 74 0.250000
46 75 0.250000
46 76 0.250000
46 77 0.250000
46 78 0.250000
46 79 0.250000
46 80 0.250000
46 81 0.250000
46 82 0.250000
46 83 0.250000
46 84 0.250000
46 85 0.250000
46 86 0.250000
46 87 0.250000
46 88 0.250000
46 89 0.250000
46 90 0.250000
46 91 0.250000
46 92 0.250000
46 93 0.250000
46 94 0.250000
46 95 0.250000
46 111 -0.250000
46 115 -0.250000
47 6 -0.125000
47 7 -0.125000
47 36 0.250000
47 37 0.375000
47 38 0.250000
47 39 0.375000
47 40 0.250000
47 41 0.250000
47 42 0.250000
47 43 0.250000
47 44 0.250000
47 45 0.250000
47 46 0.250000
47 48 0.375000
47 49 0.250000
47 50 0.375000
47 51 0.250000
47 52 0.250000
47 53 0.250000
47 54 0.250000
47 55 0.250000
47 56 0.250000
47 57 0.250000
47 58 0.250000
47 59 0.250000
47 60 0.250000
47 61 0.250000
47 62 0.250000
47 63 0.250000
47 64 0.250000
47 65 0.250000
47 66 0.250000
47 67 0.250000
47 68 0.250000
47 69 0.250000
47 70 0.250000
47 71 0.250000
47 72 0.250000
47 73 0.250000
47 74 0.250000
47 75 0.250000
47 76 0.250000
47 77 0.250000
47 78 0.250000
47 79 0.250000
47 80 0.250000
47 81 0.250000
47 82 0.250000
47 83 0.250000
47 84 0.250000
47 85 0.250000
47 86 0.250000
47 87 0.250000
47 88 0.250000
47 89 0.250000
47 90 0.250000
47 91 0.250000
47 92 0.250000
47 93 0.250000
47 94 0.250000
47 95 0.250000
47 97 -0.250000
47 100 -0.250000
47 116 -0.250000
47 118 -0.250000
48 6 -0.125000
48 12 -0.125000
48 36 0.250000
48 37 0.250000
48 38 0.250000
48 39 0.250000
48 40 0.250000
48 41 0.250000
48 42 0.250000
48 43 0.250000
48 44 0.250000
48 45 0.250000
48 46 0.250000
48 47 0.375000
48 49 0.250000
48 50 0.250000
48 51 0.250000
48 52 0.250000
48 53 0.250000
48 54 0.250000
48 55 0.250000
48 56 0.250000
48 57 0.250000
48 58 0.375000
48 59 0.250000
48 60 0.250000
48 61 0.250000
48 62 0.250000
48 63 0.250000
48 64 0.250000
48 65 0.250000
48 66 0.250000
48 67 0.250000
48 68 0.250000
48 69 0.250000
48 70 0.250000
48 71 0.250000
48 72 0.250000
48 73 0.250000
48 74 0.250000
48 75 0.250000
48 76 0.250000
48 77 0.250000
48 78 0.250000
48 79 0.250000
48 80 0.250000
48 81 0.250000
48 82 0.250000
48 83 0.250000
48 84 0.250000
48 85 0.250000
48 86 0.250000
48 87 0.250000
48 88 0.250000
48 89 0.250000
48 90 0.250000
48 91 0.250000
48 92 0.250000
48 93 0.250000
48 94 0.250000
48 95 0.250000
48 117 -0.250000
48 118 -0.250000
49 7 -0.125000
49 8 -0.125000
49 36 0.250000
49 37 0.250000
49 38 0.250000
49 39 0.375000
49 40 0.250000
49 41 0.375000
49 42 0.250000
49 43 0.250000
49 44 0.250000
49 45 0.250000
49 46 0.250000
49 47 0.250000
49 48 0.250000
49 50 0.375000
49 51 0.250000
49 52 0.375000
49 53 0.250000
49 54 0.250000
49 55 0.250000
49 56 0.250000
49 57 0.250000
49 58 0.250000
49 59 0.250000
49 60 0.250000
49 61 0.250000
49 62 0.250000
49 63 0.250000
49 64 0.250000
49 65 0.250000
49 66 0.250000
49 67 0.250000
49 68 0.250000
49 69 0.250000
49 70 0.250000
49 71 0.250000
49 72 0.250000
49 73 0.250000
49 74 0.250000
49 75 0.250000
49 76 0.250000
49 77 0.250000
49 78 0.250000
49 79 0.250000
49 80 0.250000
49 81 0.250000
49 82 0.250000
49 83 0.250000
49 84 0.250000
49 85 0.250000
49 86 0.250000
49 87 0.250000
49 88 0.250000
49 89 0.250000
49 90 0.250000
49 91 0.250000
49 92 0.250000
49 93 0.250000
49 94 0.250000
49 95 0.250000
49 101 -0.250000
49 104 -0.250000
49 119 -0.250000
49 122 -0.250000
50 7 -0.125000
50 13 -0.125000
50 36 0.250000
50 37 0.250000
50 38 0.250000
50 39 0.250000
50 40 0.250000
50 41 0.250000
50 42 0.250000
50 43 0.250000
50 44 0.250000
50 45 0.250000
50 46 0.250000
50 47 0.375000
50 48 0.250000
50 49 0.375000
50 51 0.250000
50 52 0.250000
50 53 0.250000
50 54 0.250000
50 55 0.250000
50 56 0.250000
50 57 0.250000
50 58 0.375000
50 59 0.250000
50 60 0.375000
50 61 0.250000
50 62 0.250000
50 63 0.250000
50 64 0.250000
50 65 0.250000
50 66 0.250000
50 67 0.250000
50 68 0.250000
50 69 0.250000
50 70 0.250000
50 71 0.250000
50 72 0.250000
50 73 0.250000
50 74 0.250000
50 75 0.250000
50 76 0.250000
50 77 0.250000
50 78 0.250000
50 79 0.250000
50 80 0.250000
50 81 0.250000
50 82 0.250000
50 83 0.250000
50 84 0.250000
50 85 0.250000
50 86 0.250000
50 87 0.250000
50 88 0.250000
50 89 0.250000
50 90 0.250000
50 91 0.250000
50 92 0.250000
50 93 0.250000
50 94 0.250000
50 95 0.250000
50 116 -0.250000
50 120 -0.250000
50 121 -0.250000
50 122 -0.250000
51 8 -0.125000
51 9 -0.125000
51 36 0.250000
51 37 0.250000
51 38 0.250000
51 39 0.250000
51 40 0.250000
51 41 0.375000
51 42 0.250000
51 43 0.375000
51 44 0.250000
51 45 0.250000
51 46 0.250000
51 47 0.250000
51 48 0.250000
51 49 0.250000
51 50 0.250000
51 52 0.375000
51 53 0.250000
51 54 0.375000
51 55 0.250000
51 56 0.250000
51 57 0.250000
51 58 0.250000
51 59 0.250000
51 60 0.250000
51 61 0.250000
51 62 0.250000
51 63 0.250000
51 64 0.250000
51 65 0.250000
51 66 0.250000
51 67 0.250000
51 68 0.250000
51 69 0.250000
51 70 0.250000
51 71 0.250000
51 72 0.250000
51 73 0.250000
51 74 0.250000
51 75 0.250000
51 76 0.250000
51 77 0.250000
51 78 0.250000
51 79 0.250000
51 80 0.250000
51 81 0.250000
51 82 0.250000
51 83 0.250000
51 84 0.250000
51 85 0.250000
51 86 0.250000
51 87 0.250000
51 88 0.250000
51 89 0.250000
51 90 0.250000
51 91 0.250000
51 92 0.250000
51 93 0.250000
51 94 0.250000
51 95 0.250000
51 105 -0.250000
51 108 -0.250000
51 123 -0.250000
51 126 -0.250000
52 8 -0.125000
52 14 -0.125000
52 36 0.250000
52 37 0.250000
52 38 0.250000
52 39 0.250000
52 40 0.250000
52 41 0.250000
52 42 0.250000
52 43 0.250000
52 44 0.250000
52 45 0.250000
52 46 0.250000
52 47 0.250000
52 48 0.250000
52 49 0.375000
52 50 0.250000
52 51 0.375000
52 53 0.250000
52 54 0.250000
52 55 0.250000
52 56 0.250000
52 57 0.250000
52 58 0.250000
52 59 0.250000
52 60 0.375000
52 61 0.250000
52 62 0.375000
52 63 0.250000
52 64 0.250000
52 65 0.250000
52 66 0.250000
52 67 0.250000
52 68 0.250000
52 69 0.250000
52 70 0.250000
52 71 0.250000
52 72 0.250000
52 73 0.250000
52 74 0.250000
52 75 0.250000
52 76 0.250000
52 77 0.250000
52 78 0.250000
52 79 0.250000
52 80 0.250000
52 81 0.250000
52 82 0.250000
52 83 0.250000
52 84 0.250000
52 85 0.250000
52 86 0.250000
52 87 0.250000
52 88 0.250000
52 89 0.250000
52 90 0.250000
52 91 0.250000
52 92 0.250000
52 93 0.250000
52 94 0.250000
52 95 0.250000
52 119 -0.250000
52 124 -0.250000
52 125 -0.250000
52 126 -0.250000
53 9 -0.125000
53 10 -0.125000
53 36 0.250000
53 37 0.250000
53 38 0.250000
53 39 0.250000
53 40 0.250000
53 41 0.250000
53 42 0.250000
53 43 0.375000
53 44 0.250000
53 45 0.375000
53 46 0.250000
53 47 0.250000
53 48 0.250000
53 49 0.250000
53 50 0.250000
53 51 0.250000
53 52 0.250000
53 54 0.375000
53 55 0.250000
53 56 0.375000
53 57 0.250000
53 58 0.250000
53 59 0.250000
53 60 0.250000
53 61 0.250000
53 62 0.250000
53 63 0.250000
53 64 0.250000
53 65 0.250000
53 66 0.250000
53 67 0.250000
53 68 0.250000
53 69 0.250000
53 70 0.250000
53 71 0.250000
53 72 0.250000
53 73 0.250000
53 74 0.250000
53 75 0.250000
53 76 0.250000
53 77 0.250000
53 78 0.250000
53 79 0.250000
53 80 0.250000
53 81 0.250000
53 82 0.250000
53 83 0.250000
53 84 0.250000
53 85 0.250000
53 86 0.250000
53 87 0.250000
53 88 0.250000
53 89 0.250000
53 90 0.250000
53 91 0.250000
53 92 0.250000
53 93 0.250000
53 94 0.250000
53 95 0.250000
53 109 -0.250000
53 112 -0.250000
53 127 -0.250000
53 130 -0.250000
54 9 -0.125000
54 15 -0.125000
54 36 0.250000
54 37 0.250000
54 38 0.250000
54 39 0.250000
54 40 0.250000
54 41 0.250000
54 42 0.250000
54 43 0.250000
54 44 0.250000
54 45 0.250000
54 46 0.250000
54 47 0.250000
54 48 0.250000
54 49 0.250000
54 50 0.250000
54 51 0.375000
54 52 0.250000
54 53 0.375000
54 55 0.250000
54 56 0.250000
54 57 0.250000
54 58 0.250000
54 59 0.250000
54 60 0.250000
54 61 0.250000
54 62 0.375000
54 63 0.250000
54 64 0.375000
54 65 0.250000
54 66 0.250000
54 67 0.250000
54 68 0.250000
54 69 0.250000
54 70 0.250000
54 71 0.250000
54 72 0.250000
54 73 0.250000
54 74 0.250000
54 75 0.250000
54 76 0.250000
54 77 0.250000
54 78 0.250000
54 79 0.250000
54 80 0.250000
54 81 0.250000
54 82 0.250000
54 83 0.250000
54 84 0.250000
54 85 0.250000
54 86 0.250000
54 87 0.250000
54 88 0.250000
54 89 0.250000
54 90 0.250000
54 91 0.250000
54 92 0.250000
54 93 0.250000
54 94 0.250000
54 95 0.250000
54 123 -0.250000
54 128 -0.250000
54 129 -0.250000
54 130 -0.250000
55 10 -0.125000
55 11 -0.125000
55 36 0.250000
55 37 0.250000
55 38 0.250000
55 39 0.250000
55 40 0.250000
55 41 0.250000
55 42 0.250000
55 43 0.250000
55 44 0.250000
55 45 0.375000
55 46 0.375000
55 47 0.250000
55 48 0.250000
55 49 0.250000
55 50 0.250000
55 51 0.250000
55 52 0.250000
55 53 0.250000
55 54 0.250000
55 56 0.375000
55 57 0.375000
55 58 0.250000
55 59 0.250000
55 60 0.250000
55 61 0.250000
55 62 0.250000
55 63 0.250000
55 64 0.250000
55 65 0.250000
55 66 0.250000
55 67 0.250000
55 68 0.250000
55 69 0.250000
55 70 0.250000
55 71 0.250000
55 72 0.250000
55 73 0.250000
55 74 0.250000
55 75 0.250000
55 76 0.250000
55 77 0.250000
55 78 0.250000
55 79 0.250000
55 80 0.250000
55 81 0.250000
55 82 0.250000
55 83 0.250000
55 84 0.250000
55 85 0.250000
55 86 0.250000
55 87 0.250000
55 88 0.250000
55 89 0.250000
55 90 0.250000
55 91 0.250000
55 92 0.250000
55 93 0.250000
55 94 0.250000
55 95 0.250000
55 113 -0.250000
55 115 -0.250000
55 131 -0.250000
55 134 -0.250000
56 10 -0.125000
56 16 -0.125000
56 36 0.250000
56 37 0.250000
56 38 0.250000
56 39 0.250000
56 40 0.250000
56 41 0.250000
56 42 0.250000
56 43 0.250000
56 44 0.250000
56 45 0.250000
56 46 0.250000
56 47 0.250000
56 48 0.250000
56 49 0.250000
56 50 0.250000
56 51 0.250000
56 52 0.250000
56 53 0.375000
56 54 0.250000
56 55 0.375000
56 57 0.250000
56 58 0.250000
56 59 0.250000
56 60 0.250000
56 61 0.250000
56 62 0.250000
56 63 0.250000
56 64 0.375000
56 65 0.250000
56 66 0.375000
56 67 0.250000
56 68 0.250000
56 69 0.250000
56 70 0.250000
56 71 0.250000
56 72 0.250000
56 73 0.250000
56 74 0.250000
56 75 0.250000
56 76 0.250000
56 77 0.250000
56 78 0.250000
56 79 0.250000
56 80 0.250000
56 81 0.250000
56 82 0.250000
56 83 0.250000
56 84 0.250000
56 85 0.250000
56 86 0.250000
56 87 0.250000
56 88 0.250000
56 89 0.250000
56 90 0.250000
56 91 0.250000
56 92 0.250000
56 93 0.250000
56 94 0.250000
56 95 0.250000
56 127 -0.250000
56 132 -0.250000
56 133 -0.250000
56 134 -0.250000
57 11 -0.125000
57 17 -0.125000
57 36 0.250000
57 37 0.250000
57 38 0.250000
57 39 0.250000
57 40 0.250000
57 41 0.250000
57 42 0.250000
57 43 0.250000
57 44 0.250000
57 45 0.250000
57 46 0.250000
57 47 0.250000
57 48 0.250000
57 49 0.250000
57 50 0.250000
57 51 0.250000
57 52 0.250000
57 53 0.250000
57 54 0.250000
57 55 0.375000
57 56 0.250000
57 58 0.250000
57 59 0.250000
57 60 0.250000
57 61 0.250000
57 62 0.250000
57 63 0.250000
57 64 0.250000
57 65 0.250000
57 66 0.375000
57 67 0.250000
57 68 0.250000
57 69 0.250000
57 70 0.250000
57 71 0.250000
57 72 0.250000
57 73 0.250000
57 74 0.250000
57 75 0.250000
57 76 0.250000
57 77 0.250000
57 78 0.250000
57 79 0.250000
57 80 0.250000
57 81 0.250000
57 82 0.250000
57 83 0.250000
57 84 0.250000
57 85 0.250000
57 86 0.250000
57 87 0.250000
57 88 0.250000
57 89 0.250000
57 90 0.250000
57 91 0.250000
57 92 0.250000
57 93 0.250000
57 94 0.250000
57 95 0.250000
57 131 -0.250000
57 135 -0.250000
58 12 -0.125000
58 13 -0.125000
58 36 0.250000
58 37 0.250000
58 38 0.250000
58 39 0.250000
58 40 0.250000
58 41 0.250000
58 42 0.250000
58 43 0.250000
58 44 0.250000
58 45 0.250000
58 46 0.250000
58 47 0.250000
58 48 0.375000
58 49 0.250000
58 50 0.375000
58 51 0.250000
58 52 0.250000
58 53 0.250000
58 54 0.250000
58 55 0.250000
58 56 0.250000
58 57 0.250000
58 59 0.375000
58 60 0.250000
58 61 0.375000
58 62 0.250000
58 63 0.250000
58 64 0.250000
58 65 0.250000
58 66 0.250000
58 67 0.250000
58 68 0.250000
58 69 0.250000
58 70 0.250000
58 71 0.250000
58 72 0.250000
58 73 0.250000
58 74 0.250000
58 75 0.250000
58 76 0.250000
58 77 0.250000
58 78 0.250000
58 79 0.250000
58 80 0.250000
58 81 0.250000
58 82 0.250000
58 83 0.250000
58 84 0.250000
58 85 0.250000
58 86 0.250000
58 87 0.250000
58 88 0.250000
58 89 0.250000
58 90 0.250000
58 91 0.250000
58 92 0.250000
58 93 0.250000
58 94 0.250000
58 95 0.250000
58 117 -0.250000
58 120 -0.250000
58 136 -0.250000
58 138 -0.250000
59 12 -0.125000
59 18 -0.125000
59 36 0.250000
59 37 0.250000
59 38 0.250000
59 39 0.250000
59 40 0.250000
59 41 0.250000
59 42 0.250000
59 43 0.250000
59 44 0.250000
59 45 0.250000
59 46 0.250000
59 47 0.250000
59 48 0.250000
59 49 0.250000
59 50 0.250000
59 51 0.250000
59 52 0.250000
59 53 0.250000
59 54 0.250000
59 55 0.250000
59 56 0.250000
59 57 0.250000
59 58 0.375000
59 60 0.250000
59 61 0.250000
59 62 0.250000
59 63 0.250000
59 64 0.250000
59 65 0.250000
59 66 0.250000
59 67 0.250000
59 68 0.250000
59 69 0.375000
59 70 0.250000
59 71 0.250000
59 72 0.250000
59 73 0.250000
59 74 0.250000
59 75 0.250000
59 76 0.250000
59 77 0.250000
59 78 0.250000
59 79 0.250000
59 80 0.250000
59 81 0.250000
59 82 0.250000
59 83 0.250000
59 84 0.250000
59 85 0.250000
59 86 0.250000
59 87 0.250000
59 88 0.250000
59 89 0.250000
59 90 0.250000
59 91 0.250000
59 92 0.250000
59 93 0.250000
59 94 0.250000
59 95 0.250000
59 137 -0.250000
59 138 -0.250000
60 13 -0.125000
60 14 -0.125000
60 36 0.250000
60 37 0.250000
60 38 0.250000
60 39 0.250000
60 40 0.250000
60 41 0.250000
60 42 0.250000
60 43 0.250000
60 44 0.250000
60 45 0.250000
60 46 0.250000
60 47 0.250000
60 48 0.250000
60 49 0.250000
60 50 0.375000
60 51 0.250000
60 52 0.375000
60 53 0.250000
60 54 0.250000
60 55 0.250000
60 56 0.250000
60 57 0.250000
60 58 0.250000
60 59 0.250000
60 61 0.375000
60 62 0.250000
60 63 0.375000
60 64 0.250000
60 65 0.250000
60 66 0.250000
60 67 0.250000
60 68 0.250000
60 69 0.250000
60 70 0.250000
60 71 0.250000
60 72 0.250000
60 73 0.250000
60 74 0.250000
60 75 0.250000
60 76 0.250000
60 77 0.250000
60 78 0.250000
60 79 0.250000
60 80 0.250000
60 81 0.250000
60 82 0.250000
60 83 0.250000
60 84 0.250000
60 85 0.250000
60 86 0.250000
60 87 0.250000
60 88 0.250000
60 89 0.250000
60 90 0.250000
60 91 0.250000
60 92 0.250000
60 93 0.250000
60 94 0.250000
60 95 0.250000
60 121 -0.250000
60 124 -0.250000
60 139 -0.250000
60 142 -0.250000
61 13 -0.125000
61 19 -0.125000
61 36 0.250000
61 37 0.250000
61 38 0.250000
61 39 0.250000
61 40 0.250000
61 41 0.250000
61 42 0.250000
61 43 0.250000
61 44 0.250000
61 45 0.250000
61 46 0.250000
61 47 0.250000
61 48 0.250000
61 49 0.250000
61 50 0.250000
61 51 0.250000
61 52 0.250000
61 53 0.250000
61 54 0.250000
61 55 0.250000
61 56 0.250000
61 57 0.250000
61 58 0.375000
61 59 0.250000
61 60 0.375000
61 62 0.250000
61 63 0.250000
61 64 0.250000
61 65 0.250000
61 66 0.250000
61 67 0.250000
61 68 0.250000
61 69 0.375000
61 70 0.250000
61 71 0.375000
61 72 0.250000
61 73 0.250000
61 74 0.250000
61 75 0.250000
61 76 0.250000
61 77 0.250000
61 78 0.250000
61 79 0.250000
61 80 0.250000
61 81 0.250000
61 82 0.250000
61 83 0.250000
61 84 0.250000
61 85 0.250000
61 86 0.250000
61 87 0.250000
61 88 0.250000
61 89 0.250000
61 90 0.250000
61 91 0.250000
61 92 0.250000
61 93 0.250000
61 94 0.250000
61 95 0.250000
61 136 -0.250000
61 140 -0.250000
61 141 -0.250000
61 142 -0.250000
62 14 -0.125000
62 15 -0.125000
62 36 0.250000
62 37 0.250000
62 38 0.250000
62 39 0.250000
62 40 0.250000
62 41 0.250000
62 42 0.250000
62 43 0.250000
62 44 0.250000
62 45 0.250000
62 46 0.250000
62 47 0.250000
62 48 0.250000
62 49 0.250000
62 50 0.250000
62 51 0.250000
62 52 0.375000
62 53 0.250000
62 54 0.375000
62 55 0.250000
62 56 0.250000
62 57 0.250000
62 58 0.250000
62 59 0.250000
62 60 0.250000
62 61 0.250000
62 63 0.375000
62 64 0.250000
62 65 0.375000
62 66 0.250000
62 67 0.250000
62 68 0.250000
62 69 0.250000
62 70 0.250000
62 71 0.250000
62 72 0.250000
62 73 0.250000
62 74 0.250000
62 75 0.250000
62 76 0.250000
62 77 0.250000
62 78 0.250000
62 79 0.250000
62 80 0.250000
62 81 0.250000
62 82 0.250000
62 83 0.250000
62 84 0.250000
62 85 0.250000
62 86 0.250000
62 87 0.250000
62 88 0.250000
62 89 0.250000
62 90 0.250000
62 91 0.250000
62 92 0.250000
62 93 0.250000
62 94 0.250000
62 95 0.250000
62 125 -0.250000
62 128 -0.250000
62 143 -0.250000
62 146 -0.250000
63 14 -0.125000
63 20 -0.125000
63 36 0.250000
63 37 0.250000
63 38 0.250000
63 39 0.250000
63 40 0.250000
63 41 0.250000
63 42 0.250000
63 43 0.250000
63 44 0.250000
63 45 0.250000
63 46 0.250000
63 47 0.250000
63 48 0.250000
63 49 0.250000
63 50 0.250000
63 51 0.250000
63 52 0.250000
63 53 0.250000
63 54 0.250000
63 55 0.250000
63 56 0.250000
63 57 0.250000
63 58 0.250000
63 59 0.250000
63 60 0.375000
63 61 0.250000
63 62 0.375000
63 64 0.250000
63 65 0.250000
63 66 0.250000
63 67 0.250000
63 68 0.250000
63 69 0.250000
63 70 0.250000
63 71 0.375000
63 72 0.250000
63 73 0.375000
63 74 0.250000
63 75 0.250000
63 76 0.250000
63 77 0.250000
63 78 0.250000
63 79 0.250000
63 80 0.250000
63 81 0.250000
63 82 0.250000
63 83 0.250000
63 84 0.250000
63 85 0.250000
63 86 0.250000
63 87 0.250000
63 88 0.250000
63 89 0.250000
63 90 0.250000
63 91 0.250000
63 92 0.250000
63 93 0.250000
63 94 0.250000
63 95 0.250000
63 139 -0.250000
63 144 -0.250000
63 145 -0.250000
63 146 -0.250000
64 15 -0.125000
64 16 -0.125000
64 36 0.250000
64 37 0.250000
64 38 0.250000
64 39 0.250000
64 40 0.250000
64 41 0.250000
64 42 0.250000
64 43 0.250000
64 44 0.250000
64 45 0.250000
64 46 0.250000
64 47 0.250000
64 48 0.250000
64 49 0.250000
64 50 0.250000
64 51 0.250000
64 52 0.250000
64 53 0.250000
64 54 0.375000
64 55 0.250000
64 56 0.375000
64 57 0.250000
64 58 0.250000
64 59 0.250000
64 60 0.250000
64 61 0.250000
64 62 0.250000
64 63 0.250000
64 65 0.375000
64 66 0.250000
64 67 0.375000
64 68 0.250000
64 69 0.250000
64 70 0.250000
64 71 0.250000
64 72 0.250000
64 73 0.250000
64 74 0.250000
64 75 0.250000
64 76 0.250000
64 77 0.250000
64 78 0.250000
64 79 0.250000
64 80 0.250000
64 81 0.250000
64 82 0.250000
64 83 0.250000
64 84 0.250000
64 85 0.250000
64 86 0.250000
64 87 0.250000
64 88 0.250000
64 89 0.250000
64 90 0.250000
64 91 0.250000
64 92 0.250000
64 93 0.250000
64 94 0.250000
64 95 0.250000
64 129 -0.250000
64 132 -0.250000
64 147 -0.250000
64 150 -0.250000
65 15 -0.125000
65 21 -0.125000
65 36 0.250000
65 37 0.250000
65 38 0.250000
65 39 0.250000
65 40 0.250000
65 41 0.250000
65 42 0.250000
65 43 0.250000
65 44 0.250000
65 45 0.250000
65 46 0.250000
65 47 0.250000
65 48 0.250000
65 49 0.250000
65 50 0.250000
65 51 0.250000
65 52 0.250000
65 53 0.250000
65 54 0.250000
65 55 0.250000
65 56 0.250000
65 57 0.250000
65 58 0.250000
65 59 0.250000
65 60 0.250000
65 61 0.250000
65 62 0.375000
65 63 0.250000
65 64 0.375000
65 66 0.250000
65 67 0.250000
65 68 0.250000
65 69 0.250000
65 70 0.250000
65 71 0.250000
65 72 0.250000
65 73 0.375000
65 74 0.250000
65 75 0.375000
65 76 0.250000
65 77 0.250000
65 78 0.250000
65 79 0.250000
65 80 0.250000
65 81 0.250000
65 82 0.250000
65 83 0.250000
65 84 0.250000
65 85 0.250000
65 86 0.250000
65 87 0.250000
65 88 0.250000
65 89 0.250000
65 90 0.250000
65 91 0.250000
65 92 0.250000
65 93 0.250000
65 94 0.250000
65 95 0.250000
65 143 -0.250000
65 148 -0.250000
65 149 -0.250000
65 150 -0.250000
66 16 -0.125000
66 17 -0.125000
66 36 0.250000
66 37 0.250000
66 38 0.250000
66 39 0.250000
66 40 0.250000
66 41 0.250000
66 42 0.250000
66 43 0.250000
66 44 0.250000
66 45 0.250000
66 46 0.250000
66 47 0.250000
66 48 0.250000
66 49 0.250000
66 50 0.250000
66 51 0.250000
66 52 0.250000
66 53 0.250000
66 54 0.250000
66 55 0.250000
66 56 0.375000
66 57 0.375000
66 58 0.250000
66 59 0.250000
66 60 0.250000
66 61 0.250000
66 62 0.250000
66 63 0.250000
66 64 0.250000
66 65 0.250000
66 67 0.375000
66 68 0.375000
66 69 0.250000
66 70 0.250000
66 71 0.250000
66 72 0.250000
66 73 0.250000
66 74 0.250000
66 75 0.250000
66 76 0.250000
66 77 0.250000
66 78 0.250000
66 79 0.250000
66 80 0.250000
66 81 0.250000
66 82 0.250000
66 83 0.250000
66 84 0.250000
66 85 0.250000
66 86 0.250000
66 87 0.250000
66 88 0.250000
66 89 0.250000
66 90 0.250000
66 91 0.250000
66 92 0.250000
66 93 0.250000
66 94 0.250000
66 95 0.250000
66 133 -0.250000
66 135 -0.250000
66 151 -0.250000
66 154 -0.250000
67 16 -0.125000
67 22 -0.125000
67 36 0.250000
67 37 0.250000
67 38 0.250000
67 39 0.250000
67 40 0.250000
67 41 0.250000
67 42 0.250000
67 43 0.250000
67 44 0.250000
67 45 0.250000
67 46 0.250000
67 47 0.250000
67 48 0.250000
67 49 0.250000
67 50 0.250000
67 51 0.250000
67 52 0.250000
67 53 0.250000
67 54 0.250000
67 55 0.250000
67 56 0.250000
67 57 0.250000
67 58 0.250000
67 59 0.250000
67 60 0.250000
67 61 0.250000
67 62 0.250000
67 63 0.250000
67 64 0.375000
67 65 0.250000
67 66 0.375000
67 68 0.250000
67 69 0.250000
67 70 0.250000
67 71 0.250000
67 72 0.250000
67 73 0.250000
67 74 0.250000
67 75 0.375000
67 76 0.250000
67 77 0.375000
67 78 0.250000
67 79 0.250000
67 80 0.250000
67 81 0.250000
67 82 0.250000
67 83 0.250000
67 84 0.250000
67 85 0.250000
67 86 0.250000
67 87 0.250000
67 88 0.250000
67 89 0.250000
67 90 0.250000
67 91 0.250000
67 92 0.250000
67 93 0.250000
67 94 0.250000
67 95 0.250000
67 147 -0.250000
67 152 -0.250000
67 153 -0.250000
67 154 -0.250000
68 17 -0.125000
68 23 -0.125000
68 36 0.250000
68 37 0.250000
68 38 0.250000
68 39 0.250000
68 40 0.250000
68 41 0.250000
68 42 0.250000
68 43 0.250000
68 44 0.250000
68 45 0.250000
68 46 0.250000
68 47 0.250000
68 48 0.250000
68 49 0.250000
68 50 0.250000
68 51 0.250000
68 52 0.250000
68 53 0.250000
68 54 0.250000
68 55 0.250000
68 56 0.250000
68 57 0.250000
68 58 0.250000
68 59 0.250000
68 60 0.250000
68 61 0.250000
68 62 0.250000
68 63 0.250000
68 64 0.250000
68 65 0.250000
68 66 0.375000
68 67 0.250000
68 69 0.250000
68 70 0.250000
68 71 0.250000
68 72 0.250000
68 73 0.250000
68 74 0.250000
68 75 0.250000
68 76 0.250000
68 77 0.375000
68 78 0.250000
68 79 0.250000
68 80 0.250000
68 81 0.250000
68 82 0.250000
68 83 0.250000
68 84 0.250000
68 85 0.250000
68 86 0.250000
68 87 0.250000
68 88 0.250000
68 89 0.250000
68 90 0.250000
68 91 0.250000
68 92 0.250000
68 93 0.250000
68 94 0.250000
68 95 0.250000
68 151 -0.250000
68 155 -0.250000
69 18 -0.125000
69 19 -0.125000
69 36 0.250000
69 37 0.250000
69 38 0.250000
69 39 0.250000
69 40 0.250000
69 41 0.250000
69 42 0.250000
69 43 0.250000
69 44 0.250000
69 45 0.250000
69 46 0.250000
69 47 0.250000
69 48 0.250000
69 49 0.250000
69 50 0.250000
69 51 0.250000
69 52 0.250000
69 53 0.250000
69 54 0.250000
69 55 0.250000
69 56 0.250000
69 57 0.250000
69 58 0.250000
69 59 0.375000
69 60 0.250000
69 61 0.375000
69 62 0.250000
69 63 0.250000
69 64 0.250000
69 65 0.250000
69 66 0.250000
69 67 0.250000
69 68 0.250000
69 70 0.375000
69 71 0.250000
69 72 0.375000
69 73 0.250000
69 74 0.250000
69 75 0.250000
69 76 0.250000
69 77 0.250000
69 78 0.250000
69 79 0.250000
69 80 0.250000
69 81 0.250000
69 82 0.250000
69 83 0.250000
69 84 0.250000
69 85 0.250000
69 86 0.250000
69 87 0.250000
69 88 0.250000
69 89 0.250000
69 90 0.250000
69 91 0.250000
69 92 0.250000
69 93 0.250000
69 94 0.250000
69 95 0.250000
69 137 -0.250000
69 140 -0.250000
69 156 -0.250000
69 158 -0.250000
70 18 -0.125000
70 24 -0.125000
70 36 0.250000
70 37 0.250000
70 38 0.250000
70 39 0.250000
70 40 0.250000
70 41 0.250000
70 42 0.250000
70 43 0.250000
70 44 0.250000
70 45 0.250000
70 46 0.250000
70 47 0.250000
70 48 0.250000
70 49 0.250000
70 50 0.250000
70 51 0.250000
70 52 0.250000
70 53 0.250000
70 54 0.250000
70 55 0.250000
70 56 0.250000
70 57 0.250000
70 58 0.250000
70 59 0.250000
70 60 0.250000
70 61 0.250000
70 62 0.250000
70 63 0.250000
70 64 0.250000
70 65 0.250000
70 66 0.250000
70 67 0.250000
70 68 0.250000
70 69 0.375000
70 71 0.250000
70 72 0.250000
70 73 0.250000
70 74 0.250000
70 75 0.250000
70 76 0.250000
70 77 0.250000
70 78 0.250000
70 79 0.250000
70 80 0.375000
70 81 0.250000
70 82 0.250000
70 83 0.250000
70 84 0.250000
70 85 0.250000
70 86 0.250000
70 87 0.250000
70 88 0.250000
70 89 0.250000
70 90 0.250000
70 91 0.250000
70 92 0.250000
70 93 0.250000
70 94 0.250000
70 95 0.250000
70 157 -0.250000
70 158 -0.250000
71 19 -0.125000
71 20 -0.125000
71 36 0.250000
71 37 0.250000
71 38 0.250000
71 39 0.250000
71 40 0.250000
71 41 0.250000
71 42 0.250000
71 43 0.250000
71 44 0.250000
71 45 0.250000
71 46 0.250000
71 47 0.250000
71 48 0.250000
71 49 0.250000
71 50 0.250000
71 51 0.250000
71 52 0.250000
71 53 0.250000
71 54 0.250000
71 55 0.250000
71 56 0.250000
71 57 0.250000
71 58 0.250000
71 59 0.250000
71 60 0.250000
71 61 0.375000
71 62 0.250000
71 63 0.375000
71 64 0.250000
71 65 0.250000
71 66 0.250000
71 67 0.250000
71 68 0.250000
71 69 0.250000
71 70 0.250000
71 72 0.375000
71 73 0.250000
71 74 0.375000
71 75 0.250000
71 76 0.250000
71 77 0.250000
71 78 0.250000
71 79 0.250000
71 80 0.250000
71 81 0.250000
71 82 0.250000
71 83 0.250000
71 84 0.250000
71 85 0.250000
71 86 0.250000
71 87 0.250000
71 88 0.250000
71 89 0.250000
71 90 0.250000
71 91 0.250000
71 92 0.250000
71 93 0.250000
71 94 0.250000
71 95 0.250000
71 141 -0.250000
71 144 -0.250000
71 159 -0.250000
71 162 -0.250000
72 19 -0.125000
72 25 -0.125000
72 36 0.250000
72 37 0.250000
72 38 0.250000
72 39 0.250000
72 40 0.250000
72 41 0.250000
72 42 0.250000
72 43 0.250000
72 44 0.250000
72 45 0.250000
72 46 0.250000
72 47 0.250000
72 48 0.250000
72 49 0.250000
72 50 0.250000
72 51 0.250000
72 52 0.250000
72 53 0.250000
72 54 0.250000
72 55 0.250000
72 56 0.250000
72 57 0.250000
72 58 0.250000
72 59 0.250000
72 60 0.250000
72 61 0.250000
72 62 0.250000
72 63 0.250000
72 64 0.250000
72 65 0.250000
72 66 0.250000
72 67 0.250000
72 68 0.250000
72 69 0.375000
72 70 0.250000
72 71 0.375000
72 73 0.250000
72 74 0.250000
72 75 0.250000
72 76 0.250000
72 77 0.250000
72 78 0.250000
72 79 0.250000
72 80 0.375000
72 81 0.250000
72 82 0.375000
72 83 0.250000
72 84 0.250000
72 85 0.250000
72 86 0.250000
72 87 0.250000
72 88 0.250000
72 89 0.250000
72 90 0.250000
72 91 0.250000
72 92 0.250000
72 93 0.250000
72 94 0.250000
72 95 0.250000
72 156 -0.250000
72 160 -0.250000
72 161 -0.250000
72 162 -0.250000
73 20 -0.125000
73 21 -0.125000
73 36 0.250000
73 37 0.250000
73 38 0.250000
73 39 0.250000
73 40 0.250000
73 41 0.250000
73 42 0.250000
73 43 0.250000
73 44 0.250000
73 45 0.250000
73 46 0.250000
73 47 0.250000
73 48 0.250000
73 49 0.250000
73 50 0.250000
73 51 0.250000
73 52 0.250000
73 53 0.250000
73 54 0.250000
73 55 0.250000
73 56 0.250000
73 57 0.250000
73 58 0.250000
73 59 0.250000
73 60 0.250000
73 61 0.250000
73 62 0.250000
73 63 0.375000
73 64 0.250000
73 65 0.375000
73 66 0.250000
73 67 0.250000
73 68 0.250000
73 69 0.250000
73 70 0.250000
73 71 0.250000
73 72 0.250000
73 74 0.375000
73 75 0.250000
73 76 0.375000
73 77 0.250000
73 78 0.250000
73 79 0.250000
73 80 0.250000
73 81 0.250000
73 82 0.250000
73 83 0.250000
73 84 0.250000
73 85 0.250000
73 86 0.250000
73 87 0.250000
73 88 0.250000
73 89 0.250000
73 90 0.250000
73 91 0.250000
73 92 0.250000
73 93 0.250000
73 94 0.250000
73 95 0.250000
73 145 -0.250000
73 148 -0.250000
73 163 -0.250000
73 166 -0.250000
74 20 -0.125000
74 26 -0.125000
74 36 0.250000
74 37 0.250000
74 38 0.250000
74 39 0.250000
74 40 0.250000
74 41 0.250000
74 42 0.250000
74 43 0.250000
74 44 0.250000
74 45 0.250000
74 46 0.250000
74 47 0.250000
74 48 0.250000
74 49 0.250000
74 50 0.250000
74 51 0.250000
74 52 0.250000
74 53 0.250000
74 54 0.250000
74 55 0.250000
74 56 0.250000
74 57 0.250000
74 58 0.250000
74 59 0.250000
74 60 0.250000
74 61 0.250000
74 62 0.250000
74 63 0.250000
74 64 0.250000
74 65 0.250000
74 66 0.250000
74 67 0.250000
74 68 0.250000
74 69 0.250000
74 70 0.250000
74 71 0.375000
74 72 0.250000
74 73 0.375000
74 75 0.250000
74 76 0.250000
74 77 0.250000
74 78 0.250000
74 79 0.250000
74 80 0.250000
74 81 0.250000
74 82 0.375000
74 83 0.250000
74 84 0.375000
74 85 0.250000
74 86 0.250000
74 87 0.250000
74 88 0.250000
74 89 0.250000
74 90 0.250000
74 91 0.250000
74 92 0.250000
74 93 0.250000
74 94 0.250000
74 95 0.250000
74 159 -0.250000
74 164 -0.250000
74 165 -0.250000
74 166 -0.250000
75 21 -0.125000
75 22 -0.125000
75 36 0.250000
75 37 0.250000
75 38 0.250000
75 39 0.250000
75 40 0.250000
75 41 0.250000
75 42 0.250000
75 43 0.250000
75 44 0.250000
75 45 0.250000
75 46 0.250000
75 47 0.250000
75 48 0.250000
75 49 0.250000
75 50 0.250000
75 51 0.250000
75 52 0.250000
75 53 0.250000
75 54 0.250000
75 55 0.250000
75 56 0.250000
75 57 0.250000
75 58 0.250000
75 59 0.250000
75 60 0.250000
75 61 0.250000
75 62 0.250000
75 63 0.250000
75 64 0.250000
75 65 0.375000
75 66 0.250000
75 67 0.375000
75 68 0.250000
75 69 0.250000
75 70 0.250000
75 71 0.250000
75 72 0.250000
75 73 0.250000
75 74 0.250000
75 76 0.375000
75 77 0.250000
75 78 0.375000
75 79 0.250000
75 80 0.250000
75 81 0.250000
75 82 0.250000
75 83 0.250000
75 84 0.250000
75 85 0.250000
75 86 0.250000
75 87 0.250000
75 88 0.250000
75 89 0.250000
75 90 0.250000
75 91 0.250000
75 92 0.250000
75 93 0.250000
75 94 0.250000
75 95 0.250000
75 149 -0.250000
75 152 -0.250000
75 167 -0.250000
75 170 -0.250000
76 21 -0.125000
76 27 -0.125000
76 36 0.250000
76 37 0.250000
76 38 0.250000
76 39 0.250000
76 40 0.250000
76 41 0.250000
76 42 0.250000
76 43 0.250000
76 44 0.250000
76 45 0.250000
76 46 0.250000
76 47 0.250000
76 48 0.250000
76 49 0.250000
76 50 0.250000
76 51 0.250000
76 52 0.250000
76 53 0.250000
76 54 0.250000
76 55 0.250000
76 56 0.250000
76 57 0.250000
76 58 0.250000
76 59 0.250000
76 60 0.250000
76 61 0.250000
76 62 0.250000
76 63 0.250000
76 64 0.250000
76 65 0.250000
76 66 0.250000
76 67 0.250000
76 68 0.250000
76 69 0.250000
76 70 0.250000
76 71 0.250000
76 72 0.250000
76 73 0.375000
76 74 0.250000
76 75 0.375000
76 77 0.250000
76 78 0.250000
76 79 0.250000
76 80 0.250000
76 81 0.250000
76 82 0.250000
76 83 0.250000
76 84 0.375000
76 85 0.250000
76 86 0.375000
76 87 0.250000
76 88 0.250000
76 89 0.250000
76 90 0.250000
76 91 0.250000
76 92 0.250000
76 93 0.250000
76 94 0.250000
76 95 0.250000
76 163 -0.250000
76 168 -0.250000
76 169 -0.250000
76 170 -0.250000
77 22 -0.125000
77 23 -0.125000
77 36 0.250000
77 37 0.250000
77 38 0.250000
77 39 0.250000
77 40 0.250000
77 41 0.250000
77 42 0.250000
77 43 0.250000
77 44 0.250000
77 45 0.250000
77 46 0.250000
77 47 0.250000
77 48 0.250000
77 49 0.250000
77 50 0.250000
77 51 0.250000
77 52 0.250000
77 53 0.250000
77 54 0.250000
77 55 0.250000
77 56 0.250000
77 57 0.250000
77 58 0.250000
77 59 0.250000
77 60 0.250000
77 61 0.250000
77 62 0.250000
77 63 0.250000
77 64 0.250000
77 65 0.250000
77 66 0.250000
77 67 0.375000
77 68 0.375000
77 69 0.250000
77 70 0.250000
77 71 0.250000
77 72 0.250000
77 73 0.250000
77 74 0.250000
77 75 0.250000
77 76 0.250000
77 78 0.375000
77 79 0.375000
77 80 0.250000
77 81 0.250000
77 82 0.250000
77 83 0.250000
77 84 0.250000
77 85 0.250000
77 86 0.250000
77 87 0.250000
77 88 0.250000
77 89 0.250000
77 90 0.250000
77 91 0.250000
77 92 0.250000
77 93 0.250000
77 94 0.250000
77 95 0.250000
77 153 -0.250000
77 155 -0.250000
77 171 -0.250000
77 174 -0.250000
78 22 -0.125000
78 28 -0.125000
78 36 0.250000
78 37 0.250000
78 38 0.250000
78 39 0.250000
78 40 0.250000
78 41 0.250000
78 42 0.250000
78 43 0.250000
78 44 0.250000
78 45 0.250000
78 46 0.250000
78 47 0.250000
78 48 0.250000
78 49 0.250000
78 50 0.250000
78 51 0.250000
78 52 0.250000
78 53 0.250000
78 54 0.250000
78 55 0.250000
78 56 0.250000
78 57 0.250000
78 58 0.250000
78 59 0.250000
78 60 0.250000
78 61 0.250000
78 62 0.250000
78 63 0.250000
78 64 0.250000
78 65 0.250000
78 66 0.250000
78 67 0.250000
78 68 0.250000
78 69 0.250000
78 70 0.250000
78 71 0.250000
78 72 0.250000
78 73 0.250000
78 74 0.250000
78 75 0.375000
78 76 0.250000
78 77 0.375000
78 79 0.250000
78 80 0.250000
78 81 0.250000
78 82 0.250000
78 83 0.250000
78 84 0.250000
78 85 0.250000
78 86 0.375000
78 87 0.250000
78 88 0.375000
78 89 0.250000
78 90 0.250000
78 91 0.250000
78 92 0.250000
78 93 0.250000
78 94 0.250000
78 95 0.250000
78 167 -0.250000
78 172 -0.250000
78 173 -0.250000
78 174 -0.250000
79 23 -0.125000
79 29 -0.125000
79 36 0.250000
79 37 0.250000
79 38 0.250000
79 39 0.250000
79 40 0.250000
79 41 0.250000
79 42 0.250000
79 43 0.250000
79 44 0.250000
79 45 0.250000
79 46 0.250000
79 47 0.250000
79 48 0.250000
79 49 0.250000
79 50 0.250000
79 51 0.250000
79 52 0.250000
79 53 0.250000
79 54 0.250000
79 55 0.250000
79 56 0.250000
79 57 0.250000
79 58 0.250000
79 59 0.250000
79 60 0.250000
79 61 0.250000
79 62 0.250000
79 63 0.250000
79 64 0.250000
79 65 0.250000
79 66 0.250000
79 67 0.250000
79 68 0.250000
79 69 0.250000
79 70 0.250000
79 71 0.250000
79 72 0.250000
79 73 0.250000
79 74 0.250000
79 75 0.250000
79 76 0.250000
79 77 0.375000
79 78 0.250000
79 80 0.250000
79 81 0.250000
79 82 0.250000
79 83 0.250000
79 84 0.250000
79 85 0.250000
79 86 0.250000
79 87 0.250000
79 88 0.375000
79 89 0.250000
79 90 0.250000
79 91 0.250000
79 92 0.250000
79 93 0.250000
79 94 0.250000
79 95 0.250000
79 171 -0.250000
79 175 -0.250000
80 24 -0.125000
80 25 -0.125000
80 36 0.250000
80 37 0.250000
80 38 0.250000
80 39 0.250000
80 40 0.250000
80 41 0.250000
80 42 0.250000
80 43 0.250000
80 44 0.250000
80 45 0.250000
80 46 0.250000
80 47 0.250000
80 48 0.250000
80 49 0.250000
80 50 0.250000
80 51 0.250000
80 52 0.250000
80 53 0.250000
80 54 0.250000
80 55 0.250000
80 56 0.250000
80 57 0.250000
80 58 0.250000
80 59 0.250000
80 60 0.250000
80 61 0.250000
80 62 0.250000
80 63 0.250000
80 64 0.250000
80 65 0.250000
80 66 0.250000
80 67 0.250000
80 68 0.250000
80 69 0.250000
80 70 0.375000
80 71 0.250000
80 72 0.375000
80 73 0.250000
80 74 0.250000
80 75 0.250000
80 76 0.250000
80 77 0.250000
80 78 0.250000
80 79 0.250000
80 81 0.375000
80 82 0.250000
80 83 0.375000
80 84 0.250000
80 85 0.250000
80 86 0.250000
80 87 0.250000
80 88 0.250000
80 89 0.250000
80 90 0.250000
80 91 0.250000
80 92 0.250000
80 93 0.250000
80 94 0.250000
80 95 0.250000
80 157 -0.250000
80 160 -0.250000
80 176 -0.250000
80 178 -0.250000
81 24 -0.125000
81 30 -0.125000
81 36 0.250000
81 37 0.250000
81 38 0.250000
81 39 0.250000
81 40 0.250000
81 41 0.250000
81 42 0.250000
81 43 0.250000
81 44 0.250000
81 45 0.250000
81 46 0.250000
81 47 0.250000
81 48 0.250000
81 49 0.250000
81 50 0.250000
81 51 0.250000
81 52 0.250000
81 53 0.250000
81 54 0.250000
81 55 0.250000
81 56 0.250000
81 57 0.250000
81 58 0.250000
81 59 0.250000
81 60 0.250000
81 61 0.250000
81 62 0.250000
81 63 0.250000
81 64 0.250000
81 65 0.250000
81 66 0.250000
81 67 0.250000
81 68 0.250000
81 69 0.250000
81 70 0.250000
81 71 0.250000
81 72 0.250000
81 73 0.250000
81 74 0.250000
81 75 0.250000
81 76 0.250000
81 77 0.250000
81 78 0.250000
81 79 0.250000
81 80 0.375000
81 82 0.250000
81 83 0.250000
81 84 0.250000
81 85 0.250000
81 86 0.250000
81 87 0.250000
81 88 0.250000
81 89 0.250000
81 90 0.250000
81 91 0.375000
81 92 0.250000
81 93 0.250000
81 94 0.250000
81 95 0.250000
81 177 -0.250000
81 178 -0.250000
82 25 -0.125000
82 26 -0.125000
82 36 0.250000
82 37 0.250000
82 38 0.250000
82 39 0.250000
82 40 0.250000
82 41 0.250000
82 42 0.250000
82 43 0.250000
82 44 0.250000
82 45 0.250000
82 46 0.250000
82 47 0.250000
82 48 0.250000
82 49 0.250000
82 50 0.250000
82 51 0.250000
82 52 0.250000
82 53 0.250000
82 54 0.250000
82 55 0.250000
82 56 0.250000
82 57 0.250000
82 58 0.250000
82 59 0.250000
82 60 0.250000
82 61 0.250000
82 62 0.250000
82 63 0.250000
82 64 0.250000
82 65 0.250000
82 66 0.250000
82 67 0.250000
82 68 0.250000
82 69 0.250000
82 70 0.250000
82 71 0.250000
82 72 0.375000
82 73 0.250000
82 74 0.375000
82 75 0.250000
82 76 0.250000
82 77 0.250000
82 78 0.250000
82 79 0.250000
82 80 0.250000
82 81 0.250000
82 83 0.375000
82 84 0.250000
82 85 0.375000
82 86 0.250000
82 87 0.250000
82 88 0.250000
82 89 0.250000
82 90 0.250000
82 91 0.250000
82 92 0.250000
82 93 0.250000
82 94 0.250000
82 95 0.250000
82 161 -0.250000
82 164 -0.250000
82 179 -0.250000
82 182 -0.250000
83 25 -0.125000
83 31 -0.125000
83 36 0.250000
83 37 0.250000
83 38 0.250000
83 39 0.250000
83 40 0.250000
83 41 0.250000
83 42 0.250000
83 43 0.250000
83 44 0.250000
83 45 0.250000
83 46 0.250000
83 47 0.250000
83 48 0.250000
83 49 0.250000
83 50 0.250000
83 51 0.250000
83 52 0.250000
83 53 0.250000
83 54 0.250000
83 55 0.250000
83 56 0.250000
83 57 0.250000
83 58 0.250000
83 59 0.250000
83 60 0.250000
83 61 0.250000
83 62 0.250000
83 63 0.250000
83 64 0.250000
83 65 0.250000
83 66 0.250000
83 67 0.250000
83 68 0.250000
83 69 0.250000
83 70 0.250000
83 71 0.250000
83 72 0.250000
83 73 0.250000
83 74 0.250000
83 75 0.250000
83 76 0.250000
83 77 0.250000
83 78 0.250000
83 79 0.250000
83 80 0.375000
83 81 0.250000
83 82 0.375000
83 84 0.250000
83 85 0.250000
83 86 0.250000
83 87 0.250000
83 88 0.250000
83 89 0.250000
83 90 0.250000
83 91 0.375000
83 92 0.375000
83 93 0.250000
83 94 0.250000
83 95 0.250000
83 176 -0.250000
83 180 -0.250000
83 181 -0.250000
83 182 -0.250000
84 26 -0.125000
84 27 -0.125000
84 36 0.250000
84 37 0.250000
84 38 0.250000
84 39 0.250000
84 40 0.250000
84 41 0.250000
84 42 0.250000
84 43 0.250000
84 44 0.250000
84 45 0.250000
84 46 0.250000
84 47 0.250000
84 48 0.250000
84 49 0.250000
84 50 0.250000
84 51 0.250000
84 52 0.250000
84 53 0.250000
84 54 0.250000
84 55 0.250000
84 56 0.250000
84 57 0.250000
84 58 0.250000
84 59 0.250000
84 60 0.250000
84 61 0.250000
84 62 0.250000
84 63 0.250000
84 64 0.250000
84 65 0.250000
84 66 0.250000
84 67 0.250000
84 68 0.250000
84 69 0.250000
84 70 0.250000
84 71 0.250000
84 72 0.250000
84 73 0.250000
84 74 0.375000
84 75 0.250000
84 76 0.375000
84 77 0.250000
84 78 0.250000
84 79 0.250000
84 80 0.250000
84 81 0.250000
84 82 0.250000
84 83 0.250000
84 85 0.375000
84 86 0.250000
84 87 0.375000
84 88 0.250000
84 89 0.250000
84 90 0.250000
84 91 0.250000
84 92 0.250000
84 93 0.250000
84 94 0.250000
84 95 0.250000
84 165 -0.250000
84 168 -0.250000
84 183 -0.250000
84 186 -0.250000
85 26 -0.125000
85 32 -0.125000
85 36 0.250000
85 37 0.250000
85 38 0.250000
85 39 0.250000
85 40 0.250000
85 41 0.250000
85 42 0.250000
85 43 0.250000
85 44 0.250000
85 45 0.250000
85 46 0.250000
85 47 0.250000
85 48 0.250000
85 49 0.250000
85 50 0.250000
85 51 0.250000
85 52 0.250000
85 53 0.250000
85 54 0.250000
85 55 0.250000
85 56 0.250000
85 57 0.250000
85 58 0.250000
85 59 0.250000
85 60 0.250000
85 61 0.250000
85 62 0.250000
85 63 0.250000
85 64 0.250000
85 65 0.250000
85 66 0.250000
85 67 0.250000
85 68 0.250000
85 69 0.250000
85 70 0.250000
85 71 0.250000
85 72 0.250000
85 73 0.250000
85 74 0.250000
85 75 0.250000
85 76 0.250000
85 77 0.250000
85 78 0.250000
85 79 0.250000
85 80 0.250000
85 81 0.250000
85 82 0.375000
85 83 0.250000
85 84 0.375000
85 86 0.250000
85 87 0.250000
85 88 0.250000
85 89 0.250000
85 90 0.250000
85 91 0.250000
85 92 0.375000
85 93 0.375000
85 94 0.250000
85 95 0.250000
85 179 -0.250000
85 184 -0.250000
85 185 -0.250000
85 186 -0.250000
86 27 -0.125000
86 28 -0.125000
86 36 0.250000
86 37 0.250000
86 38 0.250000
86 39 0.250000
86 40 0.250000
86 41 0.250000
86 42 0.250000
86 43 0.250000
86 44 0.250000
86 45 0.250000
86 46 0.250000
86 47 0.250000
86 48 0.250000
86 49 0.250000
86 50 0.250000
86 51 0.250000
86 52 0.250000
86 53 0.250000
86 54 0.250000
86 55 0.250000
86 56 0.250000
86 57 0.250000
86 58 0.250000
86 59 0.250000
86 60 0.250000
86 61 0.250000
86 62 0.250000
86 63 0.250000
86 64 0.250000
86 65 0.250000
86 66 0.250000
86 67 0.250000
86 68 0.250000
86 69 0.250000
86 70 0.250000
86 71 0.250000
86 72 0.250000
86 73 0.250000
86 74 0.250000
86 75 0.250000
86 76 0.375000
86 77 0.250000
86 78 0.375000
86 79 0.250000
86 80 0.250000
86 81 0.250000
86 82 0.250000
86 83 0.250000
86 84 0.250000
86 85 0.250000
86 87 0.375000
86 88 0.250000
86 89 0.375000
86 90 0.250000
86 91 0.250000
86 92 0.250000
86 93 0.250000
86 94 0.250000
86 95 0.250000
86 169 -0.250000
86 172 -0.250000
86 187 -0.250000
86 190 -0.250000
87 27 -0.125000
87 33 -0.125000
87 36 0.250000
87 37 0.250000
87 38 0.250000
87 39 0.250000
87 40 0.250000
87 41 0.250000
87 42 0.250000
87 43 0.250000
87 44 0.250000
87 45 0.250000
87 46 0.250000
87 47 0.250000
87 48 0.250000
87 49 0.250000
87 50 0.250000
87 51 0.250000
87 52 0.250000
87 53 0.250000
87 54 0.250000
87 55 0.250000
87 56 0.250000
87 57 0.250000
87 58 0.250000
87 59 0.250000
87 60 0.250000
87 61 0.250000
87 62 0.250000
87 63 0.250000
87 64 0.250000
87 65 0.250000
87 66 0.250000
87 67 0.250000
87 68 0.250000
87 69 0.250000
87 70 0.250000
87 71 0.250000
87 72 0.250000
87 73 0.250000
87 74 0.250000
87 75 0.250000
87 76 0.250000
87 77 0.250000
87 78 0.250000
87 79 0.250000
87 80 0.250000
87 81 0.250000
87 82 0.250000
87 83 0.250000
87 84 0.375000
87 85 0.250000
87 86 0.375000
87 88 0.250000
87 89 0.250000
87 90 0.250000
87 91 0.250000
87 92 0.250000
87 93 0.375000
87 94 0.375000
87 95 0.250000
87 183 -0.250000
87 188 -0.250000
87 189 -0.250000
87 190 -0.250000
88 28 -0.125000
88 29 -0.125000
88 36 0.250000
88 37 0.250000
88 38 0.250000
88 39 0.250000
88 40 0.250000
88 41 0.250000
88 42 0.250000
88 43 0.250000
88 44 0.250000
88 45 0.250000
88 46 0.250000
88 47 0.250000
88 48 0.250000
88 49 0.250000
88 50 0.250000
88 51 0.250000
88 52 0.250000
88 53 0.250000
88 54 0.250000
88 55 0.250000
88 56 0.250000
88 57 0.250000
88 58 0.250000
88 59 0.250000
88 60 0.250000
88 61 0.250000
88 62 0.250000
88 63 0.250000
88 64 0.250000
88 65 0.250000
88 66 0.250000
88 67 0.250000
88 68 0.250000
88 69 0.250000
88 70 0.250000
88 71 0.250000
88 72 0.250000
88 73 0.250000
88 74 0.250000
88 75 0.250000
88 76 0.250000
88 77 0.250000
88 78 0.375000
88 79 0.375000
88 80 0.250000
88 81 0.250000
88 82 0.250000
88 83 0.250000
88 84 0.250000
88 85 0.250000
88 86 0.250000
88 87 0.250000
88 89 0.375000
88 90 0.375000
88 91 0.250000
88 92 0.250000
88 93 0.250000
88 94 0.250000
88 95 0.250000
88 173 -0.250000
88 175 -0.250000
88 191 -0.250000
88 194 -0.250000
89 28 -0.125000
89 34 -0.125000
89 36 0.250000
89 37 0.250000
89 38 0.250000
89 39 0.250000
89 40 0.250000
89 41 0.250000
89 42 0.250000
89 43 0.250000
89 44 0.250000
89 45 0.250000
89 46 0.250000
89 47 0.250000
89 48 0.250000
89 49 0.250000
89 50 0.250000
89 51 0.250000
89 52 0.250000
89 53 0.250000
89 54 0.250000
89 55 0.250000
89 56 0.250000
89 57 0.250000
89 58 0.250000
89 59 0.250000
89 60 0.250000
89 61 0.250000
89 62 0.250000
89 63 0.250000
89 64 0.250000
89 65 0.250000
89 66 0.250000
89 67 0.250000
89 68 0.250000
89 69 0.250000
89 70 0.250000
89 71 0.250000
89 72 0.250000
89 73 0.250000
89 74 0.250000
89 75 0.250000
89 76 0.250000
89 77 0.250000
89 78 0.250000
89 79 0.250000
89 80 0.250000
89 81 0.250000
89 82 0.250000
89 83 0.250000
89 84 0.250000
89 85 0.250000
89 86 0.375000
89 87 0.250000
89 88 0.375000
89 90 0.250000
89 91 0.250000
89 92 0.250000
89 93 0.250000
89 94 0.375000
89 95 0.375000
89 187 -0.250000
89 192 -0.250000
89 193 -0.250000
89 194 -0.250000
90 29 -0.125000
90 35 -0.125000
90 36 0.250000
90 37 0.250000
90 38 0.250000
90 39 0.250000
90 40 0.250000
90 41 0.250000
90 42 0.250000
90 43 0.250000
90 44 0.250000
90 45 0.250000
90 46 0.250000
90 47 0.250000
90 48 0.250000
90 49 0.250000
90 50 0.250000
90 51 0.250000
90 52 0.250000
90 53 0.250000
90 54 0.250000
90 55 0.250000
90 56 0.250000
90 57 0.250000
90 58 0.250000
90 59 0.250000
90 60 0.250000
90 61 0.250000
90 62 0.250000
90 63 0.250000
90 64 0.250000
90 65 0.250000
90 66 0.250000
90 67 0.250000
90 68 0.250000
90 69 0.250000
90 70 0.250000
90 71 0.250000
90 72 0.250000
90 73 0.250000
90 74 0.250000
90 75 0.250000
90 76 0.250000
90 77 0.250000
90 78 0.250000
90 79 0.250000
90 80 0.250000
90 81 0.250000
90 82 0.250000
90 83 0.250000
90 84 0.250000
90 85 0.250000
90 86 0.250000
90 87 0.250000
90 88 0.375000
90 89 0.250000
90 91 0.250000
90 92 0.250000
90 93 0.250000
90 94 0.250000
90 95 0.375000
90 191 -0.250000
90 195 -0.250000
91 30 -0.125000
91 31 -0.125000
91 36 0.250000
91 37 0.250000
91 38 0.250000
91 39 0.250000
91 40 0.250000
91 41 0.250000
91 42 0.250000
91 43 0.250000
91 44 0.250000
91 45 0.250000
91 46 0.250000
91 47 0.250000
91 48 0.250000
91 49 0.250000
91 50 0.250000
91 51 0.250000
91 52 0.250000
91 53 0.250000
91 54 0.250000
91 55 0.250000
91 56 0.250000
91 57 0.250000
91 58 0.250000
91 59 0.250000
91 60 0.250000
91 61 0.250000
91 62 0.250000
91 63 0.250000
91 64 0.250000
91 65 0.250000
91 66 0.250000
91 67 0.250000
91 68 0.250000
91 69 0.250000
91 70 0.250000
91 71 0.250000
91 72 0.250000
91 73 0.250000
91 74 0.250000
91 75 0.250000
91 76 0.250000
91 77 0.250000
91 78 0.250000
91 79 0.250000
91 80 0.250000
91 81 0.375000
91 82 0.250000
91 83 0.375000
91 84 0.250000
91 85 0.250000
91 86 0.250000
91 87 0.250000
91 88 0.250000
91 89 0.250000
91 90 0.250000
91 92 0.250000
91 93 0.250000
91 94 0.250000
91 95 0.250000
91 177 -0.250000
91 180 -0.250000
92 31 -0.125000
92 32 -0.125000
92 36 0.250000
92 37 0.250000
92 38 0.250000
92 39 0.250000
92 40 0.250000
92 41 0.250000
92 42 0.250000
92 43 0.250000
92 44 0.250000
92 45 0.250000
92 46 0.250000
92 47 0.250000
92 48 0.250000
92 49 0.250000
92 50 0.250000
92 51 0.250000
92 52 0.250000
92 53 0.250000
92 54 0.250000
92 55 0.250000
92 56 0.250000
92 57 0.250000
92 58 0.250000
92 59 0.250000
92 60 0.250000
92 61 0.250000
92 62 0.250000
92 63 0.250000
92 64 0.250000
92 65 0.250000
92 66 0.250000
92 67 0.250000
92 68 0.250000
92 69 0.250000
92 70 0.250000
92 71 0.250000
92 72 0.250000
92 73 0.250000
92 74 0.250000
92 75 0.250000
92 76 0.250000
92 77 0.250000
92 78 0.250000
92 79 0.250000
92 80 0.250000
92 81 0.250000
92 82 0.250000
92 83 0.375000
92 84 0.250000
92 85 0.375000
92 86 0.250000
92 87 0.250000
92 88 0.250000
92 89 0.250000
92 90 0.250000
92 91 0.250000
92 93 0.250000
92 94 0.250000
92 95 0.250000
92 181 -0.250000
92 184 -0.250000
93 32 -0.125000
93 33 -0.125000
93 36 0.250000
93 37 0.250000
93 38 0.250000
93 39 0.250000
93 40 0.250000
93 41 0.250000
93 42 0.250000
93 43 0.250000
93 44 0.250000
93 45 0.250000
93 46 0.250000
93 47 0.250000
93 48 0.250000
93 49 0.250000
93 50 0.250000
93 51 0.250000
93 52 0.250000
93 53 0.250000
93 54 0.250000
93 55 0.250000
93 56 0.250000
93 57 0.250000
93 58 0.250000
93 59 0.250000
93 60 0.250000
93 61 0.250000
93 62 0.250000
93 63 0.250000
93 64 0.250000
93 65 0.250000
93 66 0.250000
93 67 0.250000
93 68 0.250000
93 69 0.250000
93 70 0.250000
93 71 0.250000
93 72 0.250000
93 73 0.250000
93 74 0.250000
93 75 0.250000
93 76 0.250000
93 77 0.250000
93 78 0.250000
93 79 0.250000
93 80 0.250000
93 81 0.250000
93 82 0.250000
93 83 0.250000
93 84 0.250000
93 85 0.375000
93 86 0.250000
93 87 0.375000
93 88 0.250000
93 89 0.250000
93 90 0.250000
93 91 0.250000
93 92 0.250000
93 94 0.250000
93 95 0.250000
93 185 -0.250000
93 188 -0.250000
94 33 -0.125000
94 34 -0.125000
94 36 0.250000
94 37 0.250000
94 38 0.250000
94 39 0.250000
94 40 0.250000
94 41 0.250000
94 42 0.250000
94 43 0.250000
94 44 0.250000
94 45 0.250000
94 46 0.250000
94 47 0.250000
94 48 0.250000
94 49 0.250000
94 50 0.250000
94 51 0.250000
94 52 0.250000
94 53 0.250000
94 54 0.250000
94 55 0.250000
94 56 0.250000
94 57 0.250000
94 58 0.250000
94 59 0.250000
94 60 0.250000
94 61 0.250000
94 62 0.250000
94 63 0.250000
94 64 0.250000
94 65 0.250000
94 66 0.250000
94 67 0.250000
94 68 0.250000
94 69 0.250000
94 70 0.250000
94 71 0.250000
94 72 0.250000
94 73 0.250000
94 74 0.250000
94 75 0.250000
94 76 0.250000
94 77 0.250000
94 78 0.250000
94 79 0.250000
94 80 0.250000
94 81 0.250000
94 82 0.250000
94 83 0.250000
94 84 0.250000
94 85 0.250000
94 86 0.250000
94 87 0.375000
94 88 0.250000
94 89 0.375000
94 90 0.250000
94 91 0.250000
94 92 0.250000
94 93 0.250000
94 95 0.250000
94 189 -0.250000
94 192 -0.250000
95 34 -0.125000
95 35 -0.125000
95 36 0.250000
95 37 0.250000
95 38 0.250000
95 39 0.250000
95 40 0.250000
95 41 0.250000
95 42 0.250000
95 43 0.250000
95 44 0.250000
95 45 0.250000
95 46 0.250000
95 47 0.250000
95 48 0.250000
95 49 0.250000
95 50 0.250000
95 51 0.250000
95 52 0.250000
95 53 0.250000
95 54 0.250000
95 55 0.250000
95 56 0.250000
95 57 0.250000
95 58 0.250000
95 59 0.250000
95 60 0.250000
95 61 0.250000
95 62 0.250000
95 63 0.250000
95 64 0.250000
95 65 0.250000
95 66 0.250000
95 67 0.250000
95 68 0.250000
95 69 0.250000
95 70 0.250000
95 71 0.250000
95 72 0.250000
95 73 0.250000
95 74 0.250000
95 75 0.250000
95 76 0.250000
95 77 0.250000
95 78 0.250000
95 79 0.250000
95 80 0.250000
95 81 0.250000
95 82 0.250000
95 83 0.250000
95 84 0.250000
95 85 0.250000
95 86 0.250000
95 87 0.250000
95 88 0.250000
95 89 0.375000
95 90 0.375000
95 91 0.250000
95 92 0.250000
95 93 0.250000
95 94 0.250000
95 193 -0.250000
95 195 -0.250000
96 36 -0.250000
96 39 -0.250000
96 97 0.125000
96 102 0.125000
97 37 -0.250000
97 47 -0.250000
97 96 0.125000
97 118 0.125000
98 36 -0.250000
98 37 -0.250000
98 100 0.125000
99 38 -0.250000
99 41 -0.250000
99 101 0.125000
99 106 0.125000
100 39 -0.250000
100 47 -0.250000
100 98 0.125000
100 101 0.125000
100 116 0.125000
100 122 0.125000
101 39 -0.250000
101 49 -0.250000
101 99 0.125000
101 100 0.125000
101 116 0.125000
101 122 0.125000
102 38 -0.250000
102 39 -0.250000
102 96 0.125000
102 104 0.125000
103 40 -0.250000
103 43 -0.250000
103 105 0.125000
103 110 0.125000
104 41 -0.250000
104 49 -0.250000
104 102 0.125000
104 105 0.125000
104 119 0.125000
104 126 0.125000
105 41 -0.250000
105 51 -0.250000
105 103 0.125000
105 104 0.125000
105 119 0.125000
105 126 0.125000
106 40 -0.250000
106 41 -0.250000
106 99 0.125000
106 108 0.125000
107 42 -0.250000
107 45 -0.250000
107 109 0.125000
107 114 0.125000
108 43 -0.250000
108 51 -0.250000
108 106 0.125000
108 109 0.125000
108 123 0.125000
108 130 0.125000
109 43 -0.250000
109 53 -0.250000
109 107 0.125000
109 108 0.125000
109 123 0.125000
109 130 0.125000
110 42 -0.250000
110 43 -0.250000
110 103 0.125000
110 112 0.125000
111 44 -0.250000
111 46 -0.250000
111 113 0.125000
112 45 -0.250000
112 53 -0.250000
112 110 0.125000
112 113 0.125000
112 127 0.125000
112 134 0.125000
113 45 -0.250000
113 55 -0.250000
113 111 0.125000
113 112 0.125000
113 127 0.125000
113 134 0.125000
114 44 -0.250000
114 45 -0.250000
114 107 0.125000
114 115 0.125000
115 46 -0.250000
115 55 -0.250000
115 114 0.125000
115 131 0.125000
116 47 -0.250000
116 50 -0.250000
116 100 0.125000
116 101 0.125000
116 117 0.125000
116 122 0.125000
117 48 -0.250000
117 58 -0.250000
117 116 0.125000
117 138 0.125000
118 47 -0.250000
118 48 -0.250000
118 97 0.125000
118 120 0.125000
119 49 -0.250000
119 52 -0.250000
119 104 0.125000
119 105 0.125000
119 121 0.125000
119 126 0.125000
120 50 -0.250000
120 58 -0.250000
120 118 0.125000
120 121 0.125000
120 136 0.125000
120 142 0.125000
121 50 -0.250000
121 60 -0.250000
121 119 0.125000
121 120 0.125000
121 136 0.125000
121 142 0.125000
122 49 -0.250000
122 50 -0.250000
122 100 0.125000
122 101 0.125000
122 116 0.125000
122 124 0.125000
123 51 -0.250000
123 54 -0.250000
123 108 0.125000
123 109 0.125000
123 125 0.125000
123 130 0.125000
124 52 -0.250000
124 60 -0.250000
124 122 0.125000
124 125 0.125000
124 139 0.125000
124 146 0.125000
125 52 -0.250000
125 62 -0.250000
125 123 0.125000
125 124 0.125000
125 139 0.125000
125 146 0.125000
126 51 -0.250000
126 52 -0.250000
126 104 0.125000
126 105 0.125000
126 119 0.125000
126 128 0.125000
127 53 -0.250000
127 56 -0.250000
127 112 0.125000
127 113 0.125000
127 129 0.125000
127 134 0.125000
128 54 -0.250000
128 62 -0.250000
128 126 0.125000
128 129 0.125000
128 143 0.125000
128 150 0.125000
129 54 -0.250000
129 64 -0.250000
129 127 0.125000
129 128 0.125000
129 143 0.125000
129 150 0.125000
130 53 -0.250000
130 54 -0.250000
130 108 0.125000
130 109 0.125000
130 123 0.125000
130 132 0.125000
131 55 -0.250000
131 57 -0.250000
131 115 0.125000
131 133 0.125000
132 56 -0.250000
132 64 -0.250000
132 130 0.125000
132 133 0.125000
132 147 0.125000
132 154 0.125000
133 56 -0.250000
133 66 -0.250000
133 131 0.125000
133 132 0.125000
133 147 0.125000
133 154 0.125000
134 55 -0.250000
134 56 -0.250000
134 112 0.125000
134 113 0.125000
134 127 0.125000
134 135 0.125000
135 57 -0.250000
135 66 -0.250000
135 134 0.125000
135 151 0.125000
136 58 -0.250000
136 61 -0.250000
136 120 0.125000
136 121 0.125000
136 137 0.125000
136 142 0.125000
137 59 -0.250000
137 69 -0.250000
137 136 0.125000
137 158 0.125000
138 58 -0.250000
138 59 -0.250000
138 117 0.125000
138 140 0.125000
139 60 -0.250000
139 63 -0.250000
139 124 0.125000
139 125 0.125000
139 141 0.125000
139 146 0.125000
140 61 -0.250000
140 69 -0.250000
140 138 0.125000
140 141 0.125000
140 156 0.125000
140 162 0.125000
141 61 -0.250000
141 71 -0.250000
141 139 0.125000
141 140 0.125000
141 156 0.125000
141 162 0.125000
142 60 -0.250000
142 61 -0.250000
142 120 0.125000
142 121 0.125000
142 136 0.125000
142 144 0.125000
143 62 -0.250000
143 65 -0.250000
143 128 0.125000
143 129 0.125000
143 145 0.125000
143 150 0.125000
144 63 -0.250000
144 71 -0.250000
144 142 0.125000
144 145 0.125000
144 159 0.125000
144 166 0.125000
145 63 -0.250000
145 73 -0.250000
145 143 0.125000
145 144 0.125000
145 159 0.125000
145 166 0.125000
146 62 -0.250000
146 63 -0.250000
146 124 0.125000
146 125 0.125000
146 139 0.125000
146 148 0.125000
147 64 -0.250000
147 67 -0.250000
147 132 0.125000
147 133 0.125000
147 149 0.125000
147 154 0.125000
148 65 -0.250000
148 73 -0.250000
148 146 0.125000
148 149 0.125000
148 163 0.125000
148 170 0.125000
149 65 -0.250000
149 75 -0.250000
149 147 0.125000
149 148 0.125000
149 163 0.125000
149 170 0.125000
150 64 -0.250000
150 65 -0.250000
150 128 0.125000
150 129 0.125000
150 143 0.125000
150 152 0.125000
151 66 -0.250000
151 68 -0.250000
151 135 0.125000
151 153 0.125000
152 67 -0.250000
152 75 -0.250000
152 150 0.125000
152 153 0.125000
152 167 0.125000
152 174 0.125000
153 67 -0.250000
153 77 -0.250000
153 151 0.125000
153 152 0.125000
153 167 0.125000
153 174 0.125000
154 66 -0.250000
154 67 -0.250000
154 132 0.125000
154 133 0.125000
154 147 0.125000
154 155 0.125000
155 68 -0.250000
155 77 -0.250000
155 154 0.125000
155 171 0.125000
156 69 -0.250000
156 72 -0.250000
156 140 0.125000
156 141 0.125000
156 157 0.125000
156 162 0.125000
157 70 -0.250000
157 80 -0.250000
157 156 0.125000
157 178 0.125000
158 69 -0.250000
158 70 -0.250000
158 137 0.125000
158 160 0.125000
159 71 -0.250000
159 74 -0.250000
159 144 0.125000
159 145 0.125000
159 161 0.125000
159 166 0.125000
160 72 -0.250000
160 80 -0.250000
160 158 0.125000
160 161 0.125000
160 176 0.125000
160 182 0.125000
161 72 -0.250000
161 82 -0.250000
161 159 0.125000
161 160 0.125000
161 176 0.125000
161 182 0.125000
162 71 -0.250000
162 72 -0.250000
162 140 0.125000
162 141 0.125000
162 156 0.125000
162 164 0.125000
163 73 -0.250000
163 76 -0.250000
163 148 0.125000
163 149 0.125000
163 165 0.125000
163 170 0.125000
164 74 -0.250000
164 82 -0.250000
164 162 0.125000
164 165 0.125000
164 179 0.125000
164 186 0.125000
165 74 -0.250000
165 84 -0.250000
165 163 0.125000
165 164 0.125000
165 179 0.125000
165 186 0.125000
166 73 -0.250000
166 74 -0.250000
166 144 0.125000
166 145 0.125000
166 159 0.125000
166 168 0.125000
167 75 -0.250000
167 78 -0.250000
167 152 0.125000
167 153 0.125000
167 169 0.125000
167 174 0.125000
168 76 -0.250000
168 84 -0.250000
168 166 0.125000
168 169 0.125000
168 183 0.125000
168 190 0.125000
169 76 -0.250000
169 86 -0.250000
169 167 0.125000
169 168 0.125000
169 183 0.125000
169 190 0.125000
170 75 -0.250000
170 76 -0.250000
170 148 0.125000
170 149 0.125000
170 163 0.125000
170 172 0.125000
171 77 -0.250000
171 79 -0.250000
171 155 0.125000
171 173 0.125000
172 78 -0.250000
172 86 -0.250000
172 170 0.125000
172 173 0.125000
172 187 0.125000
172 194 0.125000
173 78 -0.250000
173 88 -0.250000
173 171 0.125000
173 172 0.125000
173 187 0.125000
173 194 0.125000
174 77 -0.250000
174 78 -0.250000
174 152 0.125000
174 153 0.125000
174 167 0.125000
174 175 0.125000
175 79 -0.250000
175 88 -0.250000
175 174 0.125000
175 191 0.125000
176 80 -0.250000
176 83 -0.250000
176 160 0.125000
176 161 0.125000
176 177 0.125000
176 182 0.125000
177 81 -0.250000
177 91 -0.250000
177 176 0.125000
178 80 -0.250000
178 81 -0.250000
178 157 0.125000
178 180 0.125000
179 82 -0.250000
179 85 -0.250000
179 164 0.125000
179 165 0.125000
179 181 0.125000
179 186 0.125000
180 83 -0.250000
180 91 -0.250000
180 178 0.125000
180 181 0.125000
181 83 -0.250000
181 92 -0.250000
181 179 0.125000
181 180 0.125000
182 82 -0.250000
182 83 -0.250000
182 160 0.125000
182 161 0.125000
182 176 0.125000
182 184 0.125000
183 84 -0.250000
183 87 -0.250000
183 168 0.125000
183 169 0.125000
183 185 0.125000
183 190 0.125000
184 85 -0.250000
184 92 -0.250000
184 182 0.125000
184 185 0.125000
185 85 -0.250000
185 93 -0.250000
185 183 0.125000
185 184 0.125000
186 84 -0.250000
186 85 -0.250000
186 164 0.125000
186 165 0.125000
186 179 0.125000
186 188 0.125000
187 86 -0.250000
187 89 -0.250000
187 172 0.125000
187 173 0.125000
187 189 0.125000
187 194 0.125000
188 87 -0.250000
188 93 -0.250000
188 186 0.125000
188 189 0.125000
189 87 -0.250000
189 94 -0.250000
189 187 0.125000
189 188 0.125000
190 86 -0.250000
190 87 -0.250000
190 168 0.125000
190 169 0.125000
190 183 0.125000
190 192 0.125000
191 88 -0.250000
191 90 -0.250000
191 175 0.125000
191 193 0.125000
192 89 -0.250000
192 94 -0.250000
192 190 0.125000
192 193 0.125000
193 89 -0.250000
193 95 -0.250000
193 191 0.125000
193 192 0.125000
194 88 -0.250000
194 89 -0.250000
194 172 0.125000
194 173 0.125000
194 187 0.125000
194 195 0.125000
195 90 -0.250000
195 95 -0.250000
195 194 0.125000
