# additive constant
2592.000000
#  196 local fields
0 -71.000000
1 -71.000000
2 -71.000000
3 -71.000000
4 -71.000000
5 -71.000000
6 -71.000000
7 -71.000000
8 -71.000000
9 -71.000000
10 -71.000000
11 -71.000000
12 -71.000000
13 -71.000000
14 -71.000000
15 -71.000000
16 -71.000000
17 -71.000000
18 -71.000000
19 -71.000000
20 -71.000000
21 -71.000000
22 -71.000000
23 -71.000000
24 -71.000000
25 -71.000000
26 -71.000000
27 -71.000000
28 -71.000000
29 -71.000000
30 -71.000000
31 -71.000000
32 -71.000000
33 -71.000000
34 -71.000000
35 -71.000000
36 -69.000000
37 -69.000000
38 -69.000000
39 -69.000000
40 -69.000000
41 -69.000000
42 -69.000000
43 -69.000000
44 -69.000000
45 -69.000000
46 -69.000000
47 -69.000000
48 -69.000000
49 -69.000000
50 -69.000000
51 -69.000000
52 -69.000000
53 -69.000000
54 -69.000000
55 -69.000000
56 -69.000000
57 -69.000000
58 -69.000000
59 -69.000000
60 -69.000000
61 -69.000000
62 -69.000000
63 -69.000000
64 -69.000000
65 -69.000000
66 -69.000000
67 -69.000000
68 -69.000000
69 -69.000000
70 -69.000000
71 -69.000000
72 -69.000000
73 -69.000000
74 -69.000000
75 -69.000000
76 -69.000000
77 -69.000000
78 -69.000000
79 -69.000000
80 -69.000000
81 -69.000000
82 -69.000000
83 -69.000000
84 -69.000000
85 -69.000000
86 -69.000000
87 -69.000000
88 -69.000000
89 -69.000000
90 -69.000000
91 -69.000000
92 -69.000000
93 -69.000000
94 -69.000000
95 -69.000000
96 3.000000
97 3.000000
98 3.000000
99 3.000000
100 3.000000
101 3.000000
102 3.000000
103 3.000000
104 3.000000
105 3.000000
106 3.000000
107 3.000000
108 3.000000
109 3.000000
110 3.000000
111 3.000000
112 3.000000
113 3.000000
114 3.000000
115 3.000000
116 3.000000
117 3.000000
118 3.000000
119 3.000000
120 3.000000
121 3.000000
122 3.000000
123 3.000000
124 3.000000
125 3.000000
126 3.000000
127 3.000000
128 3.000000
129 3.000000
130 3.000000
131 3.000000
132 3.000000
133 3.000000
134 3.000000
135 3.000000
136 3.000000
137 3.000000
138 3.000000
139 3.000000
140 3.000000
141 3.000000
142 3.000000
143 3.000000
144 3.000000
145 3.000000
146 3.000000
147 3.000000
148 3.000000
149 3.000000
150 3.000000
151 3.000000
152 3.000000
153 3.000000
154 3.000000
155 3.000000
156 3.000000
157 3.000000
158 3.000000
159 3.000000
160 3.000000
161 3.000000
162 3.000000
163 3.000000
164 3.000000
165 3.000000
166 3.000000
167 3.000000
168 3.000000
169 3.000000
170 3.000000
171 3.000000
172 3.000000
173 3.000000
174 3.000000
175 3.000000
176 3.000000
177 3.000000
178 3.000000
179 3.000000
180 3.000000
181 3.000000
182 3.000000
183 3.000000
184 3.000000
185 3.000000
186 3.000000
187 3.000000
188 3.000000
189 3.000000
190 3.000000
191 3.000000
192 3.000000
193 3.000000
194 3.000000
195 3.000000
# non-zero couplings
0 1 1.000000
0 2 1.000000
0 3 1.000000
0 4 1.000000
0 5 1.000000
0 6 1.000000
0 7 1.000000
0 8 1.000000
0 9 1.000000
0 10 1.000000
0 11 1.000000
0 12 1.000000
0 13 1.000000
0 14 1.000000
0 15 1.000000
0 16 1.000000
0 17 1.000000
0 18 1.000000
0 19 1.000000
0 20 1.000000
0 21 1.000000
0 22 1.000000
0 23 1.000000
0 24 1.000000
0 25 1.000000
0 26 1.000000
0 27 1.000000
0 28 1.000000
0 29 1.000000
0 30 1.000000
0 31 1.000000
0 32 1.000000
0 33 1.000000
0 34 1.000000
0 35 1.000000
0 36 -0.500000
0 37 -0.500000
1 0 1.000000
1 2 1.000000
1 3 1.000000
1 4 1.000000
1 5 1.000000
1 6 1.000000
1 7 1.000000
1 8 1.000000
1 9 1.000000
1 10 1.000000
1 11 1.000000
1 12 1.000000
1 13 1.000000
1 14 1.000000
1 15 1.000000
1 16 1.000000
1 17 1.000000
1 18 1.000000
1 19 1.000000
1 20 1.000000
1 21 1.000000
1 22 1.000000
1 23 1.000000
1 24 1.000000
1 25 1.000000
1 26 1.000000
1 27 1.000000
1 28 1.000000
1 29 1.000000
1 30 1.000000
1 31 1.000000
1 32 1.000000
1 33 1.000000
1 34 1.000000
1 35 1.000000
1 36 -0.500000
1 38 -0.500000
1 39 -0.500000
2 0 1.000000
2 1 1.000000
2 3 1.000000
2 4 1.000000
2 5 1.000000
2 6 1.000000
2 7 1.000000
2 8 1.000000
2 9 1.000000
2 10 1.000000
2 11 1.000000
2 12 1.000000
2 13 1.000000
2 14 1.000000
2 15 1.000000
2 16 1.000000
2 17 1.000000
2 18 1.000000
2 19 1.000000
2 20 1.000000
2 21 1.000000
2 22 1.000000
2 23 1.000000
2 24 1.000000
2 25 1.000000
2 26 1.000000
2 27 1.000000
2 28 1.000000
2 29 1.000000
2 30 1.000000
2 31 1.000000
2 32 1.000000
2 33 1.000000
2 34 1.000000
2 35 1.000000
2 38 -0.500000
2 40 -0.500000
2 41 -0.500000
3 0 1.000000
3 1 1.000000
3 2 1.000000
3 4 1.000000
3 5 1.000000
3 6 1.000000
3 7 1.000000
3 8 1.000000
3 9 1.000000
3 10 1.000000
3 11 1.000000
3 12 1.000000
3 13 1.000000
3 14 1.000000
3 15 1.000000
3 16 1.000000
3 17 1.000000
3 18 1.000000
3 19 1.000000
3 20 1.000000
3 21 1.000000
3 22 1.000000
3 23 1.000000
3 24 1.000000
3 25 1.000000
3 26 1.000000
3 27 1.000000
3 28 1.000000
3 29 1.000000
3 30 1.000000
3 31 1.000000
3 32 1.000000
3 33 1.000000
3 34 1.000000
3 35 1.000000
3 40 -0.500000
3 42 -0.500000
3 43 -0.500000
4 0 1.000000
4 1 1.000000
4 2 1.000000
4 3 1.000000
4 5 1.000000
4 6 1.000000
4 7 1.000000
4 8 1.000000
4 9 1.000000
4 10 1.000000
4 11 1.000000
4 12 1.000000
4 13 1.000000
4 14 1.000000
4 15 1.000000
4 16 1.000000
4 17 1.000000
4 18 1.000000
4 19 1.000000
4 20 1.000000
4 21 1.000000
4 22 1.000000
4 23 1.000000
4 24 1.000000
4 25 1.000000
4 26 1.000000
4 27 1.000000
4 28 1.000000
4 29 1.000000
4 30 1.000000
4 31 1.000000
4 32 1.000000
4 33 1.000000
4 34 1.000000
4 35 1.000000
4 42 -0.500000
4 44 -0.500000
4 45 -0.500000
5 0 1.000000
5 1 1.000000
5 2 1.000000
5 3 1.000000
5 4 1.000000
5 6 1.000000
5 7 1.000000
5 8 1.000000
5 9 1.000000
5 10 1.000000
5 11 1.000000
5 12 1.000000
5 13 1.000000
5 14 1.000000
5 15 1.000000
5 16 1.000000
5 17 1.000000
5 18 1.000000
5 19 1.000000
5 20 1.000000
5 21 1.000000
5 22 1.000000
5 23 1.000000
5 24 1.000000
5 25 1.000000
5 26 1.000000
5 27 1.000000
5 28 1.000000
5 29 1.000000
5 30 1.000000
5 31 1.000000
5 32 1.000000
5 33 1.000000
5 34 1.000000
5 35 1.000000
5 44 -0.500000
5 46 -0.500000
6 0 1.000000
6 1 1.000000
6 2 1.000000
6 3 1.000000
6 4 1.000000
6 5 1.000000
6 7 1.000000
6 8 1.000000
6 9 1.000000
6 10 1.000000
6 11 1.000000
6 12 1.000000
6 13 1.000000
6 14 1.000000
6 15 1.000000
6 16 1.000000
6 17 1.000000
6 18 1.000000
6 19 1.000000
6 20 1.000000
6 21 1.000000
6 22 1.000000
6 23 1.000000
6 24 1.000000
6 25 1.000000
6 26 1.000000
6 27 1.000000
6 28 1.000000
6 29 1.000000
6 30 1.000000
6 31 1.000000
6 32 1.000000
6 33 1.000000
6 34 1.000000
6 35 1.000000
6 37 -0.500000
6 47 -0.500000
6 48 -0.500000
7 0 1.000000
7 1 1.000000
7 2 1.000000
7 3 1.000000
7 4 1.000000
7 5 1.000000
7 6 1.000000
7 8 1.000000
7 9 1.000000
7 10 1.000000
7 11 1.000000
7 12 1.000000
7 13 1.000000
7 14 1.000000
7 15 1.000000
7 16 1.000000
7 17 1.000000
7 18 1.000000
7 19 1.000000
7 20 1.000000
7 21 1.000000
7 22 1.000000
7 23 1.000000
7 24 1.000000
7 25 1.000000
7 26 1.000000
7 27 1.000000
7 28 1.000000
7 29 1.000000
7 30 1.000000
7 31 1.000000
7 32 1.000000
7 33 1.000000
7 34 1.000000
7 35 1.000000
7 39 -0.500000
7 47 -0.500000
7 49 -0.500000
7 50 -0.500000
8 0 1.000000
8 1 1.000000
8 2 1.000000
8 3 1.000000
8 4 1.000000
8 5 1.000000
8 6 1.000000
8 7 1.000000
8 9 1.000000
8 10 1.000000
8 11 1.000000
8 12 1.000000
8 13 1.000000
8 14 1.000000
8 15 1.000000
8 16 1.000000
8 17 1.000000
8 18 1.000000
8 19 1.000000
8 20 1.000000
8 21 1.000000
8 22 1.000000
8 23 1.000000
8 24 1.000000
8 25 1.000000
8 26 1.000000
8 27 1.000000
8 28 1.000000
8 29 1.000000
8 30 1.000000
8 31 1.000000
8 32 1.000000
8 33 1.000000
8 34 1.000000
8 35 1.000000
8 41 -0.500000
8 49 -0.500000
8 51 -0.500000
8 52 -0.500000
9 0 1.000000
9 1 1.000000
9 2 1.000000
9 3 1.000000
9 4 1.000000
9 5 1.000000
9 6 1.000000
9 7 1.000000
9 8 1.000000
9 10 1.000000
9 11 1.000000
9 12 1.000000
9 13 1.000000
9 14 1.000000
9 15 1.000000
9 16 1.000000
9 17 1.000000
9 18 1.000000
9 19 1.000000
9 20 1.000000
9 21 1.000000
9 22 1.000000
9 23 1.000000
9 24 1.000000
9 25 1.000000
9 26 1.000000
9 27 1.000000
9 28 1.000000
9 29 1.000000
9 30 1.000000
9 31 1.000000
9 32 1.000000
9 33 1.000000
9 34 1.000000
9 35 1.000000
9 43 -0.500000
9 51 -0.500000
9 53 -0.500000
9 54 -0.500000
10 0 1.000000
10 1 1.000000
10 2 1.000000
10 3 1.000000
10 4 1.000000
10 5 1.000000
10 6 1.000000
10 7 1.000000
10 8 1.000000
10 9 1.000000
10 11 1.000000
10 12 1.000000
10 13 1.000000
10 14 1.000000
10 15 1.000000
10 16 1.000000
10 17 1.000000
10 18 1.000000
10 19 1.000000
10 20 1.000000
10 21 1.000000
10 22 1.000000
10 23 1.000000
10 24 1.000000
10 25 1.000000
10 26 1.000000
10 27 1.000000
10 28 1.000000
10 29 1.000000
10 30 1.000000
10 31 1.000000
10 32 1.000000
10 33 1.000000
10 34 1.000000
10 35 1.000000
10 45 -0.500000
10 53 -0.500000
10 55 -0.500000
10 56 -0.500000
11 0 1.000000
11 1 1.000000
11 2 1.000000
11 3 1.000000
11 4 1.000000
11 5 1.000000
11 6 1.000000
11 7 1.000000
11 8 1.000000
11 9 1.000000
11 10 1.000000
11 12 1.000000
11 13 1.000000
11 14 1.000000
11 15 1.000000
11 16 1.000000
11 17 1.000000
11 18 1.000000
11 19 1.000000
11 20 1.000000
11 21 1.000000
11 22 1.000000
11 23 1.000000
11 24 1.000000
11 25 1.000000
11 26 1.000000
11 27 1.000000
11 28 1.000000
11 29 1.000000
11 30 1.000000
11 31 1.000000
11 32 1.000000
11 33 1.000000
11 34 1.000000
11 35 1.000000
11 46 -0.500000
11 55 -0.500000
11 57 -0.500000
12 0 1.000000
12 1 1.000000
12 2 1.000000
12 3 1.000000
12 4 1.000000
12 5 1.000000
12 6 1.000000
12 7 1.000000
12 8 1.000000
12 9 1.000000
12 10 1.000000
12 11 1.000000
12 13 1.000000
12 14 1.000000
12 15 1.000000
12 16 1.000000
12 17 1.000000
12 18 1.000000
12 19 1.000000
12 20 1.000000
12 21 1.000000
12 22 1.000000
12 23 1.000000
12 24 1.000000
12 25 1.000000
12 26 1.000000
12 27 1.000000
12 28 1.000000
12 29 1.000000
12 30 1.000000
12 31 1.000000
12 32 1.000000
12 33 1.000000
12 34 1.000000
12 35 1.000000
12 48 -0.500000
12 58 -0.500000
12 59 -0.500000
13 0 1.000000
13 1 1.000000
13 2 1.000000
13 3 1.000000
13 4 1.000000
13 5 1.000000
13 6 1.000000
13 7 1.000000
13 8 1.000000
13 9 1.000000
13 10 1.000000
13 11 1.000000
13 12 1.000000
13 14 1.000000
13 15 1.000000
13 16 1.000000
13 17 1.000000
13 18 1.000000
13 19 1.000000
13 20 1.000000
13 21 1.000000
13 22 1.000000
13 23 1.000000
13 24 1.000000
13 25 1.000000
13 26 1.000000
13 27 1.000000
13 28 1.000000
13 29 1.000000
13 30 1.000000
13 31 1.000000
13 32 1.000000
13 33 1.000000
13 34 1.000000
13 35 1.000000
13 50 -0.500000
13 58 -0.500000
13 60 -0.500000
13 61 -0.500000
14 0 1.000000
14 1 1.000000
14 2 1.000000
14 3 1.000000
14 4 1.000000
14 5 1.000000
14 6 1.000000
14 7 1.000000
14 8 1.000000
14 9 1.000000
14 10 1.000000
14 11 1.000000
14 12 1.000000
14 13 1.000000
14 15 1.000000
14 16 1.000000
14 17 1.000000
14 18 1.000000
14 19 1.000000
14 20 1.000000
14 21 1.000000
14 22 1.000000
14 23 1.000000
14 24 1.000000
14 25 1.000000
14 26 1.000000
14 27 1.000000
14 28 1.000000
14 29 1.000000
14 30 1.000000
14 31 1.000000
14 32 1.000000
14 33 1.000000
14 34 1.000000
14 35 1.000000
14 52 -0.500000
14 60 -0.500000
14 62 -0.500000
14 63 -0.500000
15 0 1.000000
15 1 1.000000
15 2 1.000000
15 3 1.000000
15 4 1.000000
15 5 1.000000
15 6 1.000000
15 7 1.000000
15 8 1.000000
15 9 1.000000
15 10 1.000000
15 11 1.000000
15 12 1.000000
15 13 1.000000
15 14 1.000000
15 16 1.000000
15 17 1.000000
15 18 1.000000
15 19 1.000000
15 20 1.000000
15 21 1.000000
15 22 1.000000
15 23 1.000000
15 24 1.000000
15 25 1.000000
15 26 1.000000
15 27 1.000000
15 28 1.000000
15 29 1.000000
15 30 1.000000
15 31 1.000000
15 32 1.000000
15 33 1.000000
15 34 1.000000
15 35 1.000000
15 54 -0.500000
15 62 -0.500000
15 64 -0.500000
15 65 -0.500000
16 0 1.000000
16 1 1.000000
16 2 1.000000
16 3 1.000000
16 4 1.000000
16 5 1.000000
16 6 1.000000
16 7 1.000000
16 8 1.000000
16 9 1.000000
16 10 1.000000
16 11 1.000000
16 12 1.000000
16 13 1.000000
16 14 1.000000
16 15 1.000000
16 17 1.000000
16 18 1.000000
16 19 1.000000
16 20 1.000000
16 21 1.000000
16 22 1.000000
16 23 1.000000
16 24 1.000000
16 25 1.000000
16 26 1.000000
16 27 1.000000
16 28 1.000000
16 29 1.000000
16 30 1.000000
16 31 1.000000
16 32 1.000000
16 33 1.000000
16 34 1.000000
16 35 1.000000
16 56 -0.500000
16 64 -0.500000
16 66 -0.500000
16 67 -0.500000
17 0 1.000000
17 1 1.000000
17 2 1.000000
17 3 1.000000
17 4 1.000000
17 5 1.000000
17 6 1.000000
17 7 1.000000
17 8 1.000000
17 9 1.000000
17 10 1.000000
17 11 1.000000
17 12 1.000000
17 13 1.000000
17 14 1.000000
17 15 1.000000
17 16 1.000000
17 18 1.000000
17 19 1.000000
17 20 1.000000
17 21 1.000000
17 22 1.000000
17 23 1.000000
17 24 1.000000
17 25 1.000000
17 26 1.000000
17 27 1.000000
17 28 1.000000
17 29 1.000000
17 30 1.000000
17 31 1.000000
17 32 1.000000
17 33 1.000000
17 34 1.000000
17 35 1.000000
17 57 -0.500000
17 66 -0.500000
17 68 -0.500000
18 0 1.000000
18 1 1.000000
18 2 1.000000
18 3 1.000000
18 4 1.000000
18 5 1.000000
18 6 1.000000
18 7 1.000000
18 8 1.000000
18 9 1.000000
18 10 1.000000
18 11 1.000000
18 12 1.000000
18 13 1.000000
18 14 1.000000
18 15 1.000000
18 16 1.000000
18 17 1.000000
18 19 1.000000
18 20 1.000000
18 21 1.000000
18 22 1.000000
18 23 1.000000
18 24 1.000000
18 25 1.000000
18 26 1.000000
18 27 1.000000
18 28 1.000000
18 29 1.000000
18 30 1.000000
18 31 1.000000
18 32 1.000000
18 33 1.000000
18 34 1.000000
18 35 1.000000
18 59 -0.500000
18 69 -0.500000
18 70 -0.500000
19 0 1.000000
19 1 1.000000
19 2 1.000000
19 3 1.000000
19 4 1.000000
19 5 1.000000
19 6 1.000000
19 7 1.000000
19 8 1.000000
19 9 1.000000
19 10 1.000000
19 11 1.000000
19 12 1.000000
19 13 1.000000
19 14 1.000000
19 15 1.000000
19 16 1.000000
19 17 1.000000
19 18 1.000000
19 20 1.000000
19 21 1.000000
19 22 1.000000
19 23 1.000000
19 24 1.000000
19 25 1.000000
19 26 1.000000
19 27 1.000000
19 28 1.000000
19 29 1.000000
19 30 1.000000
19 31 1.000000
19 32 1.000000
19 33 1.000000
19 34 1.000000
19 35 1.000000
19 61 -0.500000
19 69 -0.500000
19 71 -0.500000
19 72 -0.500000
20 0 1.000000
20 1 1.000000
20 2 1.000000
20 3 1.000000
20 4 1.000000
20 5 1.000000
20 6 1.000000
20 7 1.000000
20 8 1.000000
20 9 1.000000
20 10 1.000000
20 11 1.000000
20 12 1.000000
20 13 1.000000
20 14 1.000000
20 15 1.000000
20 16 1.000000
20 17 1.000000
20 18 1.000000
20 19 1.000000
20 21 1.000000
20 22 1.000000
20 23 1.000000
20 24 1.000000
20 25 1.000000
20 26 1.000000
20 27 1.000000
20 28 1.000000
20 29 1.000000
20 30 1.000000
20 31 1.000000
20 32 1.000000
20 33 1.000000
20 34 1.000000
20 35 1.000000
20 63 -0.500000
20 71 -0.500000
20 73 -0.500000
20 74 -0.500000
21 0 1.000000
21 1 1.000000
21 2 1.000000
21 3 1.000000
21 4 1.000000
21 5 1.000000
21 6 1.000000
21 7 1.000000
21 8 1.000000
21 9 1.000000
21 10 1.000000
21 11 1.000000
21 12 1.000000
21 13 1.000000
21 14 1.000000
21 15 1.000000
21 16 1.000000
21 17 1.000000
21 18 1.000000
21 19 1.000000
21 20 1.000000
21 22 1.000000
21 23 1.000000
21 24 1.000000
21 25 1.000000
21 26 1.000000
21 27 1.000000
21 28 1.000000
21 29 1.000000
21 30 1.000000
21 31 1.000000
21 32 1.000000
21 33 1.000000
21 34 1.000000
21 35 1.000000
21 65 -0.500000
21 73 -0.500000
21 75 -0.500000
21 76 -0.500000
22 0 1.000000
22 1 1.000000
22 2 1.000000
22 3 1.000000
22 4 1.000000
22 5 1.000000
22 6 1.000000
22 7 1.000000
22 8 1.000000
22 9 1.000000
22 10 1.000000
22 11 1.000000
22 12 1.000000
22 13 1.000000
22 14 1.000000
22 15 1.000000
22 16 1.000000
22 17 1.000000
22 18 1.000000
22 19 1.000000
22 20 1.000000
22 21 1.000000
22 23 1.000000
22 24 1.000000
22 25 1.000000
22 26 1.000000
22 27 1.000000
22 28 1.000000
22 29 1.000000
22 30 1.000000
22 31 1.000000
22 32 1.000000
22 33 1.000000
22 34 1.000000
22 35 1.000000
22 67 -0.500000
22 75 -0.500000
22 77 -0.500000
22 78 -0.500000
23 0 1.000000
23 1 1.000000
23 2 1.000000
23 3 1.000000
23 4 1.000000
23 5 1.000000
23 6 1.000000
23 7 1.000000
23 8 1.000000
23 9 1.000000
23 10 1.000000
23 11 1.000000
23 12 1.000000
23 13 1.000000
23 14 1.000000
23 15 1.000000
23 16 1.000000
23 17 1.000000
23 18 1.000000
23 19 1.000000
23 20 1.000000
23 21 1.000000
23 22 1.000000
23 24 1.000000
23 25 1.000000
23 26 1.000000
23 27 1.000000
23 28 1.000000
23 29 1.000000
23 30 1.000000
23 31 1.000000
23 32 1.000000
23 33 1.000000
23 34 1.000000
23 35 1.000000
23 68 -0.500000
23 77 -0.500000
23 79 -0.500000
24 0 1.000000
24 1 1.000000
24 2 1.000000
24 3 1.000000
24 4 1.000000
24 5 1.000000
24 6 1.000000
24 7 1.000000
24 8 1.000000
24 9 1.000000
24 10 1.000000
24 11 1.000000
24 12 1.000000
24 13 1.000000
24 14 1.000000
24 15 1.000000
24 16 1.000000
24 17 1.000000
24 18 1.000000
24 19 1.000000
24 20 1.000000
24 21 1.000000
24 22 1.000000
24 23 1.000000
24 25 1.000000
24 26 1.000000
24 27 1.000000
24 28 1.000000
24 29 1.000000
24 30 1.000000
24 31 1.000000
24 32 1.000000
24 33 1.000000
24 34 1.000000
24 35 1.000000
24 70 -0.500000
24 80 -0.500000
24 81 -0.500000
25 0 1.000000
25 1 1.000000
25 2 1.000000
25 3 1.000000
25 4 1.000000
25 5 1.000000
25 6 1.000000
25 7 1.000000
25 8 1.000000
25 9 1.000000
25 10 1.000000
25 11 1.000000
25 12 1.000000
25 13 1.000000
25 14 1.000000
25 15 1.000000
25 16 1.000000
25 17 1.000000
25 18 1.000000
25 19 1.000000
25 20 1.000000
25 21 1.000000
25 22 1.000000
25 23 1.000000
25 24 1.000000
25 26 1.000000
25 27 1.000000
25 28 1.000000
25 29 1.000000
25 30 1.000000
25 31 1.000000
25 32 1.000000
25 33 1.000000
25 34 1.000000
25 35 1.000000
25 72 -0.500000
25 80 -0.500000
25 82 -0.500000
25 83 -0.500000
26 0 1.000000
26 1 1.000000
26 2 1.000000
26 3 1.000000
26 4 1.000000
26 5 1.000000
26 6 1.000000
26 7 1.000000
26 8 1.000000
26 9 1.000000
26 10 1.000000
26 11 1.000000
26 12 1.000000
26 13 1.000000
26 14 1.000000
26 15 1.000000
26 16 1.000000
26 17 1.000000
26 18 1.000000
26 19 1.000000
26 20 1.000000
26 21 1.000000
26 22 1.000000
26 23 1.000000
26 24 1.000000
26 25 1.000000
26 27 1.000000
26 28 1.000000
26 29 1.000000
26 30 1.000000
26 31 1.000000
26 32 1.000000
26 33 1.000000
26 34 1.000000
26 35 1.000000
26 74 -0.500000
26 82 -0.500000
26 84 -0.500000
26 85 -0.500000
27 0 1.000000
27 1 1.000000
27 2 1.000000
27 3 1.000000
27 4 1.000000
27 5 1.000000
27 6 1.000000
27 7 1.000000
27 8 1.000000
27 9 1.000000
27 10 1.000000
27 11 1.000000
27 12 1.000000
27 13 1.000000
27 14 1.000000
27 15 1.000000
27 16 1.000000
27 17 1.000000
27 18 1.000000
27 19 1.000000
27 20 1.000000
27 21 1.000000
27 22 1.000000
27 23 1.000000
27 24 1.000000
27 25 1.000000
27 26 1.000000
27 28 1.000000
27 29 1.000000
27 30 1.000000
27 31 1.000000
27 32 1.000000
27 33 1.000000
27 34 1.000000
27 35 1.000000
27 76 -0.500000
27 84 -0.500000
27 86 -0.500000
27 87 -0.500000
28 0 1.000000
28 1 1.000000
28 2 1.000000
28 3 1.000000
28 4 1.000000
28 5 1.000000
28 6 1.000000
28 7 1.000000
28 8 1.000000
28 9 1.000000
28 10 1.000000
28 11 1.000000
28 12 1.000000
28 13 1.000000
28 14 1.000000
28 15 1.000000
28 16 1.000000
28 17 1.000000
28 18 1.000000
28 19 1.000000
28 20 1.000000
28 21 1.000000
28 22 1.000000
28 23 1.000000
28 24 1.000000
28 25 1.000000
28 26 1.000000
28 27 1.000000
28 29 1.000000
28 30 1.000000
28 31 1.000000
28 32 1.000000
28 33 1.000000
28 34 1.000000
28 35 1.000000
28 78 -0.500000
28 86 -0.500000
28 88 -0.500000
28 89 -0.500000
29 0 1.000000
29 1 1.000000
29 2 1.000000
29 3 1.000000
29 4 1.000000
29 5 1.000000
29 6 1.000000
29 7 1.000000
29 8 1.000000
29 9 1.000000
29 10 1.000000
29 11 1.000000
29 12 1.000000
29 13 1.000000
29 14 1.000000
29 15 1.000000
29 16 1.000000
29 17 1.000000
29 18 1.000000
29 19 1.000000
29 20 1.000000
29 21 1.000000
29 22 1.000000
29 23 1.000000
29 24 1.000000
29 25 1.000000
29 26 1.000000
29 27 1.000000
29 28 1.000000
29 30 1.000000
29 31 1.000000
29 32 1.000000
29 33 1.000000
29 34 1.000000
29 35 1.000000
29 79 -0.500000
29 88 -0.500000
29 90 -0.500000
30 0 1.000000
30 1 1.000000
30 2 1.000000
30 3 1.000000
30 4 1.000000
30 5 1.000000
30 6 1.000000
30 7 1.000000
30 8 1.000000
30 9 1.000000
30 10 1.000000
30 11 1.000000
30 12 1.000000
30 13 1.000000
30 14 1.000000
30 15 1.000000
30 16 1.000000
30 17 1.000000
30 18 1.000000
30 19 1.000000
30 20 1.000000
30 21 1.000000
30 22 1.000000
30 23 1.000000
30 24 1.000000
30 25 1.000000
30 26 1.000000
30 27 1.000000
30 28 1.000000
30 29 1.000000
30 31 1.000000
30 32 1.000000
30 33 1.000000
30 34 1.000000
30 35 1.000000
30 81 -0.500000
30 91 -0.500000
31 0 1.000000
31 1 1.000000
31 2 1.000000
31 3 1.000000
31 4 1.000000
31 5 1.000000
31 6 1.000000
31 7 1.000000
31 8 1.000000
31 9 1.000000
31 10 1.000000
31 11 1.000000
31 12 1.000000
31 13 1.000000
31 14 1.000000
31 15 1.000000
31 16 1.000000
31 17 1.000000
31 18 1.000000
31 19 1.000000
31 20 1.000000
31 21 1.000000
31 22 1.000000
31 23 1.000000
31 24 1.000000
31 25 1.000000
31 26 1.000000
31 27 1.000000
31 28 1.000000
31 29 1.000000
31 30 1.000000
31 32 1.000000
31 33 1.000000
31 34 1.000000
31 35 1.000000
31 83 -0.500000
31 91 -0.500000
31 92 -0.500000
32 0 1.000000
32 1 1.000000
32 2 1.000000
32 3 1.000000
32 4 1.000000
32 5 1.000000
32 6 1.000000
32 7 1.000000
32 8 1.000000
32 9 1.000000
32 10 1.000000
32 11 1.000000
32 12 1.000000
32 13 1.000000
32 14 1.000000
32 15 1.000000
32 16 1.000000
32 17 1.000000
32 18 1.000000
32 19 1.000000
32 20 1.000000
32 21 1.000000
32 22 1.000000
32 23 1.000000
32 24 1.000000
32 25 1.000000
32 26 1.000000
32 27 1.000000
32 28 1.000000
32 29 1.000000
32 30 1.000000
32 31 1.000000
32 33 1.000000
32 34 1.000000
32 35 1.000000
32 85 -0.500000
32 92 -0.500000
32 93 -0.500000
33 0 1.000000
33 1 1.000000
33 2 1.000000
33 3 1.000000
33 4 1.000000
33 5 1.000000
33 6 1.000000
33 7 1.000000
33 8 1.000000
33 9 1.000000
33 10 1.000000
33 11 1.000000
33 12 1.000000
33 13 1.000000
33 14 1.000000
33 15 1.000000
33 16 1.000000
33 17 1.000000
33 18 1.000000
33 19 1.000000
33 20 1.000000
33 21 1.000000
33 22 1.000000
33 23 1.000000
33 24 1.000000
33 25 1.000000
33 26 1.000000
33 27 1.000000
33 28 1.000000
33 29 1.000000
33 30 1.000000
33 31 1.000000
33 32 1.000000
33 34 1.000000
33 35 1.000000
33 87 -0.500000
33 93 -0.500000
33 94 -0.500000
34 0 1.000000
34 1 1.000000
34 2 1.000000
34 3 1.000000
34 4 1.000000
34 5 1.000000
34 6 1.000000
34 7 1.000000
34 8 1.000000
34 9 1.000000
34 10 1.000000
34 11 1.000000
34 12 1.000000
34 13 1.000000
34 14 1.000000
34 15 1.000000
34 16 1.000000
34 17 1.000000
34 18 1.000000
34 19 1.000000
34 20 1.000000
34 21 1.000000
34 22 1.000000
34 23 1.000000
34 24 1.000000
34 25 1.000000
34 26 1.000000
34 27 1.000000
34 28 1.000000
34 29 1.000000
34 30 1.000000
34 31 1.000000
34 32 1.000000
34 33 1.000000
34 35 1.000000
34 89 -0.500000
34 94 -0.500000
34 95 -0.500000
35 0 1.000000
35 1 1.000000
35 2 1.000000
35 3 1.000000
35 4 1.000000
35 5 1.000000
35 6 1.000000
35 7 1.000000
35 8 1.000000
35 9 1.000000
35 10 1.000000
35 11 1.000000
35 12 1.000000
35 13 1.000000
35 14 1.000000
35 15 1.000000
35 16 1.000000
35 17 1.000000
35 18 1.000000
35 19 1.000000
35 20 1.000000
35 21 1.000000
35 22 1.000000
35 23 1.000000
35 24 1.000000
35 25 1.000000
35 26 1.000000
35 27 1.000000
35 28 1.000000
35 29 1.000000
35 30 1.000000
35 31 1.000000
35 32 1.000000
35 33 1.000000
35 34 1.000000
35 90 -0.500000
35 95 -0.500000
36 0 -0.500000
36 1 -0.500000
36 37 1.500000
36 38 1.000000
36 39 1.500000
36 40 1.000000
36 41 1.000000
36 42 1.000000
36 43 1.000000
36 44 1.000000
36 45 1.000000
36 46 1.000000
36 47 1.000000
36 48 1.000000
36 49 1.000000
36 50 1.000000
36 51 1.000000
36 52 1.000000
36 53 1.000000
36 54 1.000000
36 55 1.000000
36 56 1.000000
36 57 1.000000
36 58 1.000000
36 59 1.000000
36 60 1.000000
36 61 1.000000
36 62 1.000000
36 63 1.000000
36 64 1.000000
36 65 1.000000
36 66 1.000000
36 67 1.000000
36 68 1.000000
36 69 1.000000
36 70 1.000000
36 71 1.000000
36 72 1.000000
36 73 1.000000
36 74 1.000000
36 75 1.000000
36 76 1.000000
36 77 1.000000
36 78 1.000000
36 79 1.000000
36 80 1.000000
36 81 1.000000
36 82 1.000000
36 83 1.000000
36 84 1.000000
36 85 1.000000
36 86 1.000000
36 87 1.000000
36 88 1.000000
36 89 1.000000
36 90 1.000000
36 91 1.000000
36 92 1.000000
36 93 1.000000
36 94 1.000000
36 95 1.000000
36 96 -1.000000
36 98 -1.000000
37 0 -0.500000
37 6 -0.500000
37 36 1.500000
37 38 1.000000
37 39 1.000000
37 40 1.000000
37 41 1.000000
37 42 1.000000
37 43 1.000000
37 44 1.000000
37 45 1.000000
37 46 1.000000
37 47 1.500000
37 48 1.000000
37 49 1.000000
37 50 1.000000
37 51 1.000000
37 52 1.000000
37 53 1.000000
37 54 1.000000
37 55 1.000000
37 56 1.000000
37 57 1.000000
37 58 1.000000
37 59 1.000000
37 60 1.000000
37 61 1.000000
37 62 1.000000
37 63 1.000000
37 64 1.000000
37 65 1.000000
37 66 1.000000
37 67 1.000000
37 68 1.000000
37 69 1.000000
37 70 1.000000
37 71 1.000000
37 72 1.000000
37 73 1.000000
37 74 1.000000
37 75 1.000000
37 76 1.000000
37 77 1.000000
37 78 1.000000
37 79 1.000000
37 80 1.000000
37 81 1.000000
37 82 1.000000
37 83 1.000000
37 84 1.000000
37 85 1.000000
37 86 1.000000
37 87 1.000000
37 88 1.000000
37 89 1.000000
37 90 1.000000
37 91 1.000000
37 92 1.000000
37 93 1.000000
37 94 1.000000
37 95 1.000000
37 97 -1.000000
37 98 -1.000000
38 1 -0.500000
38 2 -0.500000
38 36 1.000000
38 37 1.000000
38 39 1.500000
38 40 1.000000
38 41 1.500000
38 42 1.000000
38 43 1.000000
38 44 1.000000
38 45 1.000000
38 46 1.000000
38 47 1.000000
38 48 1.000000
38 49 1.000000
38 50 1.000000
38 51 1.000000
38 52 1.000000
38 53 1.000000
38 54 1.000000
38 55 1.000000
38 56 1.000000
38 57 1.000000
38 58 1.000000
38 59 1.000000
38 60 1.000000
38 61 1.000000
38 62 1.000000
38 63 1.000000
38 64 1.000000
38 65 1.000000
38 66 1.000000
38 67 1.000000
38 68 1.000000
38 69 1.000000
38 70 1.000000
38 71 1.000000
38 72 1.000000
38 73 1.000000
38 74 1.000000
38 75 1.000000
38 76 1.000000
38 77 1.000000
38 78 1.000000
38 79 1.000000
38 80 1.000000
38 81 1.000000
38 82 1.000000
38 83 1.000000
38 84 1.000000
38 85 1.000000
38 86 1.000000
38 87 1.000000
38 88 1.000000
38 89 1.000000
38 90 1.000000
38 91 1.000000
38 92 1.000000
38 93 1.000000
38 94 1.000000
38 95 1.000000
38 99 -1.000000
38 102 -1.000000
39 1 -0.500000
39 7 -0.500000
39 36 1.500000
39 37 1.000000
39 38 1.500000
39 40 1.000000
39 41 1.000000
39 42 1.000000
39 43 1.000000
39 44 1.000000
39 45 1.000000
39 46 1.000000
39 47 1.500000
39 48 1.000000
39 49 1.500000
39 50 1.000000
39 51 1.000000
39 52 1.000000
39 53 1.000000
39 54 1.000000
39 55 1.000000
39 56 1.000000
39 57 1.000000
39 58 1.000000
39 59 1.000000
39 60 1.000000
39 61 1.000000
39 62 1.000000
39 63 1.000000
39 64 1.000000
39 65 1.000000
39 66 1.000000
39 67 1.000000
39 68 1.000000
39 69 1.000000
39 70 1.000000
39 71 1.000000
39 72 1.000000
39 73 1.000000
39 74 1.000000
39 75 1.000000
39 76 1.000000
39 77 1.000000
39 78 1.000000
39 79 1.000000
39 80 1.000000
39 81 1.000000
39 82 1.000000
39 83 1.000000
39 84 1.000000
39 85 1.000000
39 86 1.000000
39 87 1.000000
39 88 1.000000
39 89 1.000000
39 90 1.000000
39 91 1.000000
39 92 1.000000
39 93 1.000000
39 94 1.000000
39 95 1.000000
39 96 -1.000000
39 100 -1.000000
39 101 -1.000000
39 102 -1.000000
40 2 -0.500000
40 3 -0.500000
40 36 1.000000
40 37 1.000000
40 38 1.000000
40 39 1.000000
40 41 1.500000
40 42 1.000000
40 43 1.500000
40 44 1.000000
40 45 1.000000
40 46 1.000000
40 47 1.000000
40 48 1.000000
40 49 1.000000
40 50 1.000000
40 51 1.000000
40 52 1.000000
40 53 1.000000
40 54 1.000000
40 55 1.000000
40 56 1.000000
40 57 1.000000
40 58 1.000000
40 59 1.000000
40 60 1.000000
40 61 1.000000
40 62 1.000000
40 63 1.000000
40 64 1.000000
40 65 1.000000
40 66 1.000000
40 67 1.000000
40 68 1.000000
40 69 1.000000
40 70 1.000000
40 71 1.000000
40 72 1.000000
40 73 1.000000
40 74 1.000000
40 75 1.000000
40 76 1.000000
40 77 1.000000
40 78 1.000000
40 79 1.000000
40 80 1.000000
40 81 1.000000
40 82 1.000000
40 83 1.000000
40 84 1.000000
40 85 1.000000
40 86 1.000000
40 87 1.000000
40 88 1.000000
40 89 1.000000
40 90 1.000000
40 91 1.000000
40 92 1.000000
40 93 1.000000
40 94 1.000000
40 95 1.000000
40 103 -1.000000
40 106 -1.000000
41 2 -0.500000
41 8 -0.500000
41 36 1.000000
41 37 1.000000
41 38 1.500000
41 39 1.000000
41 40 1.500000
41 42 1.000000
41 43 1.000000
41 44 1.000000
41 45 1.000000
41 46 1.000000
41 47 1.000000
41 48 1.000000
41 49 1.500000
41 50 1.000000
41 51 1.500000
41 52 1.000000
41 53 1.000000
41 54 1.000000
41 55 1.000000
41 56 1.000000
41 57 1.000000
41 58 1.000000
41 59 1.000000
41 60 1.000000
41 61 1.000000
41 62 1.000000
41 63 1.000000
41 64 1.000000
41 65 1.000000
41 66 1.000000
41 67 1.000000
41 68 1.000000
41 69 1.000000
41 70 1.000000
41 71 1.000000
41 72 1.000000
41 73 1.000000
41 74 1.000000
41 75 1.000000
41 76 1.000000
41 77 1.000000
41 78 1.000000
41 79 1.000000
41 80 1.000000
41 81 1.000000
41 82 1.000000
41 83 1.000000
41 84 1.000000
41 85 1.000000
41 86 1.000000
41 87 1.000000
41 88 1.000000
41 89 1.000000
41 90 1.000000
41 91 1.000000
41 92 1.000000
41 93 1.000000
41 94 1.000000
41 95 1.000000
41 99 -1.000000
41 104 -1.000000
41 105 -1.000000
41 106 -1.000000
42 3 -0.500000
42 4 -0.500000
42 36 1.000000
42 37 1.000000
42 38 1.000000
42 39 1.000000
42 40 1.000000
42 41 1.000000
42 43 1.500000
42 44 1.000000
42 45 1.500000
42 46 1.000000
42 47 1.000000
42 48 1.000000
42 49 1.000000
42 50 1.000000
42 51 1.000000
42 52 1.000000
42 53 1.000000
42 54 1.000000
42 55 1.000000
42 56 1.000000
42 57 1.000000
42 58 1.000000
42 59 1.000000
42 60 1.000000
42 61 1.000000
42 62 1.000000
42 63 1.000000
42 64 1.000000
42 65 1.000000
42 66 1.000000
42 67 1.000000
42 68 1.000000
42 69 1.000000
42 70 1.000000
42 71 1.000000
42 72 1.000000
42 73 1.000000
42 74 1.000000
42 75 1.000000
42 76 1.000000
42 77 1.000000
42 78 1.000000
42 79 1.000000
42 80 1.000000
42 81 1.000000
42 82 1.000000
42 83 1.000000
42 84 1.000000
42 85 1.000000
42 86 1.000000
42 87 1.000000
42 88 1.000000
42 89 1.000000
42 90 1.000000
42 91 1.000000
42 92 1.000000
42 93 1.000000
42 94 1.000000
42 95 1.000000
42 107 -1.000000
42 110 -1.000000
43 3 -0.500000
43 9 -0.500000
43 36 1.000000
43 37 1.000000
43 38 1.000000
43 39 1.000000
43 40 1.500000
43 41 1.000000
43 42 1.500000
43 44 1.000000
43 45 1.000000
43 46 1.000000
43 47 1.000000
43 48 1.000000
43 49 1.000000
43 50 1.000000
43 51 1.500000
43 52 1.000000
43 53 1.500000
43 54 1.000000
43 55 1.000000
43 56 1.000000
43 57 1.000000
43 58 1.000000
43 59 1.000000
43 60 1.000000
43 61 1.000000
43 62 1.000000
43 63 1.000000
43 64 1.000000
43 65 1.000000
43 66 1.000000
43 67 1.000000
43 68 1.000000
43 69 1.000000
43 70 1.000000
43 71 1.000000
43 72 1.000000
43 73 1.000000
43 74 1.000000
43 75 1.000000
43 76 1.000000
43 77 1.000000
43 78 1.000000
43 79 1.000000
43 80 1.000000
43 81 1.000000
43 82 1.000000
43 83 1.000000
43 84 1.000000
43 85 1.000000
43 86 1.000000
43 87 1.000000
43 88 1.000000
43 89 1.000000
43 90 1.000000
43 91 1.000000
43 92 1.000000
43 93 1.000000
43 94 1.000000
43 95 1.000000
43 103 -1.000000
43 108 -1.000000
43 109 -1.000000
43 110 -1.000000
44 4 -0.500000
44 5 -0.500000
44 36 1.000000
44 37 1.000000
44 38 1.000000
44 39 1.000000
44 40 1.000000
44 41 1.000000
44 42 1.000000
44 43 1.000000
44 45 1.500000
44 46 1.500000
44 47 1.000000
44 48 1.000000
44 49 1.000000
44 50 1.000000
44 51 1.000000
44 52 1.000000
44 53 1.000000
44 54 1.000000
44 55 1.000000
44 56 1.000000
44 57 1.000000
44 58 1.000000
44 59 1.000000
44 60 1.000000
44 61 1.000000
44 62 1.000000
44 63 1.000000
44 64 1.000000
44 65 1.000000
44 66 1.000000
44 67 1.000000
44 68 1.000000
44 69 1.000000
44 70 1.000000
44 71 1.000000
44 72 1.000000
44 73 1.000000
44 74 1.000000
44 75 1.000000
44 76 1.000000
44 77 1.000000
44 78 1.000000
44 79 1.000000
44 80 1.000000
44 81 1.000000
44 82 1.000000
44 83 1.000000
44 84 1.000000
44 85 1.000000
44 86 1.000000
44 87 1.000000
44 88 1.000000
44 89 1.000000
44 90 1.000000
44 91 1.000000
44 92 1.000000
44 93 1.000000
44 94 1.000000
44 95 1.000000
44 111 -1.000000
44 114 -1.000000
45 4 -0.500000
45 10 -0.500000
45 36 1.000000
45 37 1.000000
45 38 1.000000
45 39 1.000000
45 40 1.000000
45 41 1.000000
45 42 1.500000
45 43 1.000000
45 44 1.500000
45 46 1.000000
45 47 1.000000
45 48 1.000000
45 49 1.000000
45 50 1.000000
45 51 1.000000
45 52 1.000000
45 53 1.500000
45 54 1.000000
45 55 1.500000
45 56 1.000000
45 57 1.000000
45 58 1.000000
45 59 1.000000
45 60 1.000000
45 61 1.000000
45 62 1.000000
45 63 1.000000
45 64 1.000000
45 65 1.000000
45 66 1.000000
45 67 1.000000
45 68 1.000000
45 69 1.000000
45 70 1.000000
45 71 1.000000
45 72 1.000000
45 73 1.000000
45 74 1.000000
45 75 1.000000
45 76 1.000000
45 77 1.000000
45 78 1.000000
45 79 1.000000
45 80 1.000000
45 81 1.000000
45 82 1.000000
45 83 1.000000
45 84 1.000000
45 85 1.000000
45 86 1.000000
45 87 1.000000
45 88 1.000000
45 89 1.000000
45 90 1.000000
45 91 1.000000
45 92 1.000000
45 93 1.000000
45 94 1.000000
45 95 1.000000
45 107 -1.000000
45 112 -1.000000
45 113 -1.000000
45 114 -1.000000
46 5 -0.500000
46 11 -0.500000
46 36 1.000000
46 37 1.000000
46 38 1.000000
46 39 1.000000
46 40 1.000000
46 41 1.000000
46 42 1.000000
46 43 1.000000
46 44 1.500000
46 45 1.000000
46 47 1.000000
46 48 1.000000
46 49 1.000000
46 50 1.000000
46 51 1.000000
46 52 1.000000
46 53 1.000000
46 54 1.000000
46 55 1.500000
46 56 1.000000
46 57 1.000000
46 58 1.000000
46 59 1.000000
46 60 1.000000
46 61 1.000000
46 62 1.000000
46 63 1.000000
46 64 1.000000
46 65 1.000000
46 66 1.000000
46 67 1.000000
46 68 1.000000
46 69 1.000000
46 70 1.000000
46 71 1.000000
46 72 1.000000
46 73 1.000000
46 74 1.000000
46 75 1.000000
46 76 1.000000
46 77 1.000000
46 78 1.000000
46 79 1.000000
46 80 1.000000
46 81 1.000000
46 82 1.000000
46 83 1.000000
46 84 1.000000
46 85 1.000000
46 86 1.000000
46 87 1.000000
46 88 1.000000
46 89 1.000000
46 90 1.000000
46 91 1.000000
46 92 1.000000
46 93 1.000000
46 94 1.000000
46 95 1.000000
46 111 -1.000000
46 115 -1.000000
47 6 -0.500000
47 7 -0.500000
47 36 1.000000
47 37 1.500000
47 38 1.000000
47 39 1.500000
47 40 1.000000
47 41 1.000000
47 42 1.000000
47 43 1.000000
47 44 1.000000
47 45 1.000000
47 46 1.000000
47 48 1.500000
47 49 1.000000
47 50 1.500000
47 51 1.000000
47 52 1.000000
47 53 1.000000
47 54 1.000000
47 55 1.000000
47 56 1.000000
47 57 1.000000
47 58 1.000000
47 59 1.000000
47 60 1.000000
47 61 1.000000
47 62 1.000000
47 63 1.000000
47 64 1.000000
47 65 1.000000
47 66 1.000000
47 67 1.000000
47 68 1.000000
47 69 1.000000
47 70 1.000000
47 71 1.000000
47 72 1.000000
47 73 1.000000
47 74 1.000000
47 75 1.000000
47 76 1.000000
47 77 1.000000
47 78 1.000000
47 79 1.000000
47 80 1.000000
47 81 1.000000
47 82 1.000000
47 83 1.000000
47 84 1.000000
47 85 1.000000
47 86 1.000000
47 87 1.000000
47 88 1.000000
47 89 1.000000
47 90 1.000000
47 91 1.000000
47 92 1.000000
47 93 1.000000
47 94 1.000000
47 95 1.000000
47 97 -1.000000
47 100 -1.000000
47 116 -1.000000
47 118 -1.000000
48 6 -0.500000
48 12 -0.500000
48 36 1.000000
48 37 1.000000
48 38 1.000000
48 39 1.000000
48 40 1.000000
48 41 1.000000
48 42 1.000000
48 43 1.000000
48 44 1.000000
48 45 1.000000
48 46 1.000000
48 47 1.500000
48 49 1.000000
48 50 1.000000
48 51 1.000000
48 52 1.000000
48 53 1.000000
48 54 1.000000
48 55 1.000000
48 56 1.000000
48 57 1.000000
48 58 1.500000
48 59 1.000000
48 60 1.000000
48 61 1.000000
48 62 1.000000
48 63 1.000000
48 64 1.000000
48 65 1.000000
48 66 1.000000
48 67 1.000000
48 68 1.000000
48 69 1.000000
48 70 1.000000
48 71 1.000000
48 72 1.000000
48 73 1.000000
48 74 1.000000
48 75 1.000000
48 76 1.000000
48 77 1.000000
48 78 1.000000
48 79 1.000000
48 80 1.000000
48 81 1.000000
48 82 1.000000
48 83 1.000000
48 84 1.000000
48 85 1.000000
48 86 1.000000
48 87 1.000000
48 88 1.000000
48 89 1.000000
48 90 1.000000
48 91 1.000000
48 92 1.000000
48 93 1.000000
48 94 1.000000
48 95 1.000000
48 117 -1.000000
48 118 -1.000000
49 7 -0.500000
49 8 -0.500000
49 36 1.000000
49 37 1.000000
49 38 1.000000
49 39 1.500000
49 40 1.000000
49 41 1.500000
49 42 1.000000
49 43 1.000000
49 44 1.000000
49 45 1.000000
49 46 1.000000
49 47 1.000000
49 48 1.000000
49 50 1.500000
49 51 1.000000
49 52 1.500000
49 53 1.000000
49 54 1.000000
49 55 1.000000
49 56 1.000000
49 57 1.000000
49 58 1.000000
49 59 1.000000
49 60 1.000000
49 61 1.000000
49 62 1.000000
49 63 1.000000
49 64 1.000000
49 65 1.000000
49 66 1.000000
49 67 1.000000
49 68 1.000000
49 69 1.000000
49 70 1.000000
49 71 1.000000
49 72 1.000000
49 73 1.000000
49 74 1.000000
49 75 1.000000
49 76 1.000000
49 77 1.000000
49 78 1.000000
49 79 1.000000
49 80 1.000000
49 81 1.000000
49 82 1.000000
49 83 1.000000
49 84 1.000000
49 85 1.000000
49 86 1.000000
49 87 1.000000
49 88 1.000000
49 89 1.000000
49 90 1.000000
49 91 1.000000
49 92 1.000000
49 93 1.000000
49 94 1.000000
49 95 1.000000
49 101 -1.000000
49 104 -1.000000
49 119 -1.000000
49 122 -1.000000
50 7 -0.500000
50 13 -0.500000
50 36 1.000000
50 37 1.000000
50 38 1.000000
50 39 1.000000
50 40 1.000000
50 41 1.000000
50 42 1.000000
50 43 1.000000
50 44 1.000000
50 45 1.000000
50 46 1.000000
50 47 1.500000
50 48 1.000000
50 49 1.500000
50 51 1.000000
50 52 1.000000
50 53 1.000000
50 54 1.000000
50 55 1.000000
50 56 1.000000
50 57 1.000000
50 58 1.500000
50 59 1.000000
50 60 1.500000
50 61 1.000000
50 62 1.000000
50 63 1.000000
50 64 1.000000
50 65 1.000000
50 66 1.000000
50 67 1.000000
50 68 1.000000
50 69 1.000000
50 70 1.000000
50 71 1.000000
50 72 1.000000
50 73 1.000000
50 74 1.000000
50 75 1.000000
50 76 1.000000
50 77 1.000000
50 78 1.000000
50 79 1.000000
50 80 1.000000
50 81 1.000000
50 82 1.000000
50 83 1.000000
50 84 1.000000
50 85 1.000000
50 86 1.000000
50 87 1.000000
50 88 1.000000
50 89 1.000000
50 90 1.000000
50 91 1.000000
50 92 1.000000
50 93 1.000000
50 94 1.000000
50 95 1.000000
50 116 -1.000000
50 120 -1.000000
50 121 -1.000000
50 122 -1.000000
51 8 -0.500000
51 9 -0.500000
51 36 1.000000
51 37 1.000000
51 38 1.000000
51 39 1.000000
51 40 1.000000
51 41 1.500000
51 42 1.000000
51 43 1.500000
51 44 1.000000
51 45 1.000000
51 46 1.000000
51 47 1.000000
51 48 1.000000
51 49 1.000000
51 50 1.000000
51 52 1.500000
51 53 1.000000
51 54 1.500000
51 55 1.000000
51 56 1.000000
51 57 1.000000
51 58 1.000000
51 59 1.000000
51 60 1.000000
51 61 1.000000
51 62 1.000000
51 63 1.000000
51 64 1.000000
51 65 1.000000
51 66 1.000000
51 67 1.000000
51 68 1.000000
51 69 1.000000
51 70 1.000000
51 71 1.000000
51 72 1.000000
51 73 1.000000
51 74 1.000000
51 75 1.000000
51 76 1.000000
51 77 1.000000
51 78 1.000000
51 79 1.000000
51 80 1.000000
51 81 1.000000
51 82 1.000000
51 83 1.000000
51 84 1.000000
51 85 1.000000
51 86 1.000000
51 87 1.000000
51 88 1.000000
51 89 1.000000
51 90 1.000000
51 91 1.000000
51 92 1.000000
51 93 1.000000
51 94 1.000000
51 95 1.000000
51 105 -1.000000
51 108 -1.000000
51 123 -1.000000
51 126 -1.000000
52 8 -0.500000
52 14 -0.500000
52 36 1.000000
52 37 1.000000
52 38 1.000000
52 39 1.000000
52 40 1.000000
52 41 1.000000
52 42 1.000000
52 43 1.000000
52 44 1.000000
52 45 1.000000
52 46 1.000000
52 47 1.000000
52 48 1.000000
52 49 1.500000
52 50 1.000000
52 51 1.500000
52 53 1.000000
52 54 1.000000
52 55 1.000000
52 56 1.000000
52 57 1.000000
52 58 1.000000
52 59 1.000000
52 60 1.500000
52 61 1.000000
52 62 1.500000
52 63 1.000000
52 64 1.000000
52 65 1.000000
52 66 1.000000
52 67 1.000000
52 68 1.000000
52 69 1.000000
52 70 1.000000
52 71 1.000000
52 72 1.000000
52 73 1.000000
52 74 1.000000
52 75 1.000000
52 76 1.000000
52 77 1.000000
52 78 1.000000
52 79 1.000000
52 80 1.000000
52 81 1.000000
52 82 1.000000
52 83 1.000000
52 84 1.000000
52 85 1.000000
52 86 1.000000
52 87 1.000000
52 88 1.000000
52 89 1.000000
52 90 1.000000
52 91 1.000000
52 92 1.000000
52 93 1.000000
52 94 1.000000
52 95 1.000000
52 119 -1.000000
52 124 -1.000000
52 125 -1.000000
52 126 -1.000000
53 9 -0.500000
53 10 -0.500000
53 36 1.000000
53 37 1.000000
53 38 1.000000
53 39 1.000000
53 40 1.000000
53 41 1.000000
53 42 1.000000
53 43 1.500000
53 44 1.000000
53 45 1.500000
53 46 1.000000
53 47 1.000000
53 48 1.000000
53 49 1.000000
53 50 1.000000
53 51 1.000000
53 52 1.000000
53 54 1.500000
53 55 1.000000
53 56 1.500000
53 57 1.000000
53 58 1.000000
53 59 1.000000
53 60 1.000000
53 61 1.000000
53 62 1.000000
53 63 1.000000
53 64 1.000000
53 65 1.000000
53 66 1.000000
53 67 1.000000
53 68 1.000000
53 69 1.000000
53 70 1.000000
53 71 1.000000
53 72 1.000000
53 73 1.000000
53 74 1.000000
53 75 1.000000
53 76 1.000000
53 77 1.000000
53 78 1.000000
53 79 1.000000
53 80 1.000000
53 81 1.000000
53 82 1.000000
53 83 1.000000
53 84 1.000000
53 85 1.000000
53 86 1.000000
53 87 1.000000
53 88 1.000000
53 89 1.000000
53 90 1.000000
53 91 1.000000
53 92 1.000000
53 93 1.000000
53 94 1.000000
53 95 1.000000
53 109 -1.000000
53 112 -1.000000
53 127 -1.000000
53 130 -1.000000
54 9 -0.500000
54 15 -0.500000
54 36 1.000000
54 37 1.000000
54 38 1.000000
54 39 1.000000
54 40 1.000000
54 41 1.000000
54 42 1.000000
54 43 1.000000
54 44 1.000000
54 45 1.000000
54 46 1.000000
54 47 1.000000
54 48 1.000000
54 49 1.000000
54 50 1.000000
54 51 1.500000
54 52 1.000000
54 53 1.500000
54 55 1.000000
54 56 1.000000
54 57 1.000000
54 58 1.000000
54 59 1.000000
54 60 1.000000
54 61 1.000000
54 62 1.500000
54 63 1.000000
54 64 1.500000
54 65 1.000000
54 66 1.000000
54 67 1.000000
54 68 1.000000
54 69 1.000000
54 70 1.000000
54 71 1.000000
54 72 1.000000
54 73 1.000000
54 74 1.000000
54 75 1.000000
54 76 1.000000
54 77 1.000000
54 78 1.000000
54 79 1.000000
54 80 1.000000
54 81 1.000000
54 82 1.000000
54 83 1.000000
54 84 1.000000
54 85 1.000000
54 86 1.000000
54 87 1.000000
54 88 1.000000
54 89 1.000000
54 90 1.000000
54 91 1.000000
54 92 1.000000
54 93 1.000000
54 94 1.000000
54 95 1.000000
54 123 -1.000000
54 128 -1.000000
54 129 -1.000000
54 130 -1.000000
55 10 -0.500000
55 11 -0.500000
55 36 1.000000
55 37 1.000000
55 38 1.000000
55 39 1.000000
55 40 1.000000
55 41 1.000000
55 42 1.000000
55 43 1.000000
55 44 1.000000
55 45 1.500000
55 46 1.500000
55 47 1.000000
55 48 1.000000
55 49 1.000000
55 50 1.000000
55 51 1.000000
55 52 1.000000
55 53 1.000000
55 54 1.000000
55 56 1.500000
55 57 1.500000
55 58 1.000000
55 59 1.000000
55 60 1.000000
55 61 1.000000
55 62 1.000000
55 63 1.000000
55 64 1.000000
55 65 1.000000
55 66 1.000000
55 67 1.000000
55 68 1.000000
55 69 1.000000
55 70 1.000000
55 71 1.000000
55 72 1.000000
55 73 1.000000
55 74 1.000000
55 75 1.000000
55 76 1.000000
55 77 1.000000
55 78 1.000000
55 79 1.000000
55 80 1.000000
55 81 1.000000
55 82 1.000000
55 83 1.000000
55 84 1.000000
55 85 1.000000
55 86 1.000000
55 87 1.000000
55 88 1.000000
55 89 1.000000
55 90 1.000000
55 91 1.000000
55 92 1.000000
55 93 1.000000
55 94 1.000000
55 95 1.000000
55 113 -1.000000
55 115 -1.000000
55 131 -1.000000
55 134 -1.000000
56 10 -0.500000
56 16 -0.500000
56 36 1.000000
56 37 1.000000
56 38 1.000000
56 39 1.000000
56 40 1.000000
56 41 1.000000
56 42 1.000000
56 43 1.000000
56 44 1.000000
56 45 1.000000
56 46 1.000000
56 47 1.000000
56 48 1.000000
56 49 1.000000
56 50 1.000000
56 51 1.000000
56 52 1.000000
56 53 1.500000
56 54 1.000000
56 55 1.500000
56 57 1.000000
56 58 1.000000
56 59 1.000000
56 60 1.000000
56 61 1.000000
56 62 1.000000
56 63 1.000000
56 64 1.500000
56 65 1.000000
56 66 1.500000
56 67 1.000000
56 68 1.000000
56 69 1.000000
56 70 1.000000
56 71 1.000000
56 72 1.000000
56 73 1.000000
56 74 1.000000
56 75 1.000000
56 76 1.000000
56 77 1.000000
56 78 1.000000
56 79 1.000000
56 80 1.000000
56 81 1.000000
56 82 1.000000
56 83 1.000000
56 84 1.000000
56 85 1.000000
56 86 1.000000
56 87 1.000000
56 88 1.000000
56 89 1.000000
56 90 1.000000
56 91 1.000000
56 92 1.000000
56 93 1.000000
56 94 1.000000
56 95 1.000000
56 127 -1.000000
56 132 -1.000000
56 133 -1.000000
56 134 -1.000000
57 11 -0.500000
57 17 -0.500000
57 36 1.000000
57 37 1.000000
57 38 1.000000
57 39 1.000000
57 40 1.000000
57 41 1.000000
57 42 1.000000
57 43 1.000000
57 44 1.000000
57 45 1.000000
57 46 1.000000
57 47 1.000000
57 48 1.000000
57 49 1.000000
57 50 1.000000
57 51 1.000000
57 52 1.000000
57 53 1.000000
57 54 1.000000
57 55 1.500000
57 56 1.000000
57 58 1.000000
57 59 1.000000
57 60 1.000000
57 61 1.000000
57 62 1.000000
57 63 1.000000
57 64 1.000000
57 65 1.000000
57 66 1.500000
57 67 1.000000
57 68 1.000000
57 69 1.000000
57 70 1.000000
57 71 1.000000
57 72 1.000000
57 73 1.000000
57 74 1.000000
57 75 1.000000
57 76 1.000000
57 77 1.000000
57 78 1.000000
57 79 1.000000
57 80 1.000000
57 81 1.000000
57 82 1.000000
57 83 1.000000
57 84 1.000000
57 85 1.000000
57 86 1.000000
57 87 1.000000
57 88 1.000000
57 89 1.000000
57 90 1.000000
57 91 1.000000
57 92 1.000000
57 93 1.000000
57 94 1.000000
57 95 1.000000
57 131 -1.000000
57 135 -1.000000
58 12 -0.500000
58 13 -0.500000
58 36 1.000000
58 37 1.000000
58 38 1.000000
58 39 1.000000
58 40 1.000000
58 41 1.000000
58 42 1.000000
58 43 1.000000
58 44 1.000000
58 45 1.000000
58 46 1.000000
58 47 1.000000
58 48 1.500000
58 49 1.000000
58 50 1.500000
58 51 1.000000
58 52 1.000000
58 53 1.000000
58 54 1.000000
58 55 1.000000
58 56 1.000000
58 57 1.000000
58 59 1.500000
58 60 1.000000
58 61 1.500000
58 62 1.000000
58 63 1.000000
58 64 1.000000
58 65 1.000000
58 66 1.000000
58 67 1.000000
58 68 1.000000
58 69 1.000000
58 70 1.000000
58 71 1.000000
58 72 1.000000
58 73 1.000000
58 74 1.000000
58 75 1.000000
58 76 1.000000
58 77 1.000000
58 78 1.000000
58 79 1.000000
58 80 1.000000
58 81 1.000000
58 82 1.000000
58 83 1.000000
58 84 1.000000
58 85 1.000000
58 86 1.000000
58 87 1.000000
58 88 1.000000
58 89 1.000000
58 90 1.000000
58 91 1.000000
58 92 1.000000
58 93 1.000000
58 94 1.000000
58 95 1.000000
58 117 -1.000000
58 120 -1.000000
58 136 -1.000000
58 138 -1.000000
59 12 -0.500000
59 18 -0.500000
59 36 1.000000
59 37 1.000000
59 38 1.000000
59 39 1.000000
59 40 1.000000
59 41 1.000000
59 42 1.000000
59 43 1.000000
59 44 1.000000
59 45 1.000000
59 46 1.000000
59 47 1.000000
59 48 1.000000
59 49 1.000000
59 50 1.000000
59 51 1.000000
59 52 1.000000
59 53 1.000000
59 54 1.000000
59 55 1.000000
59 56 1.000000
59 57 1.000000
59 58 1.500000
59 60 1.000000
59 61 1.000000
59 62 1.000000
59 63 1.000000
59 64 1.000000
59 65 1.000000
59 66 1.000000
59 67 1.000000
59 68 1.000000
59 69 1.500000
59 70 1.000000
59 71 1.000000
59 72 1.000000
59 73 1.000000
59 74 1.000000
59 75 1.000000
59 76 1.000000
59 77 1.000000
59 78 1.000000
59 79 1.000000
59 80 1.000000
59 81 1.000000
59 82 1.000000
59 83 1.000000
59 84 1.000000
59 85 1.000000
59 86 1.000000
59 87 1.000000
59 88 1.000000
59 89 1.000000
59 90 1.000000
59 91 1.000000
59 92 1.000000
59 93 1.000000
59 94 1.000000
59 95 1.000000
59 137 -1.000000
59 138 -1.000000
60 13 -0.500000
60 14 -0.500000
60 36 1.000000
60 37 1.000000
60 38 1.000000
60 39 1.000000
60 40 1.000000
60 41 1.000000
60 42 1.000000
60 43 1.000000
60 44 1.000000
60 45 1.000000
60 46 1.000000
60 47 1.000000
60 48 1.000000
60 49 1.000000
60 50 1.500000
60 51 1.000000
60 52 1.500000
60 53 1.000000
60 54 1.000000
60 55 1.000000
60 56 1.000000
60 57 1.000000
60 58 1.000000
60 59 1.000000
60 61 1.500000
60 62 1.000000
60 63 1.500000
60 64 1.000000
60 65 1.000000
60 66 1.000000
60 67 1.000000
60 68 1.000000
60 69 1.000000
60 70 1.000000
60 71 1.000000
60 72 1.000000
60 73 1.000000
60 74 1.000000
60 75 1.000000
60 76 1.000000
60 77 1.000000
60 78 1.000000
60 79 1.000000
60 80 1.000000
60 81 1.000000
60 82 1.000000
60 83 1.000000
60 84 1.000000
60 85 1.000000
60 86 1.000000
60 87 1.000000
60 88 1.000000
60 89 1.000000
60 90 1.000000
60 91 1.000000
60 92 1.000000
60 93 1.000000
60 94 1.000000
60 95 1.000000
60 121 -1.000000
60 124 -1.000000
60 139 -1.000000
60 142 -1.000000
61 13 -0.500000
61 19 -0.500000
61 36 1.000000
61 37 1.000000
61 38 1.000000
61 39 1.000000
61 40 1.000000
61 41 1.000000
61 42 1.000000
61 43 1.000000
61 44 1.000000
61 45 1.000000
61 46 1.000000
61 47 1.000000
61 48 1.000000
61 49 1.000000
61 50 1.000000
61 51 1.000000
61 52 1.000000
61 53 1.000000
61 54 1.000000
61 55 1.000000
61 56 1.000000
61 57 1.000000
61 58 1.500000
61 59 1.000000
61 60 1.500000
61 62 1.000000
61 63 1.000000
61 64 1.000000
61 65 1.000000
61 66 1.000000
61 67 1.000000
61 68 1.000000
61 69 1.500000
61 70 1.000000
61 71 1.500000
61 72 1.000000
61 73 1.000000
61 74 1.000000
61 75 1.000000
61 76 1.000000
61 77 1.000000
61 78 1.000000
61 79 1.000000
61 80 1.000000
61 81 1.000000
61 82 1.000000
61 83 1.000000
61 84 1.000000
61 85 1.000000
61 86 1.000000
61 87 1.000000
61 88 1.000000
61 89 1.000000
61 90 1.000000
61 91 1.000000
61 92 1.000000
61 93 1.000000
61 94 1.000000
61 95 1.000000
61 136 -1.000000
61 140 -1.000000
61 141 -1.000000
61 142 -1.000000
62 14 -0.500000
62 15 -0.500000
62 36 1.000000
62 37 1.000000
62 38 1.000000
62 39 1.000000
62 40 1.000000
62 41 1.000000
62 42 1.000000
62 43 1.000000
62 44 1.000000
62 45 1.000000
62 46 1.000000
62 47 1.000000
62 48 1.000000
62 49 1.000000
62 50 1.000000
62 51 1.000000
62 52 1.500000
62 53 1.000000
62 54 1.500000
62 55 1.000000
62 56 1.000000
62 57 1.000000
62 58 1.000000
62 59 1.000000
62 60 1.000000
62 61 1.000000
62 63 1.500000
62 64 1.000000
62 65 1.500000
62 66 1.000000
62 67 1.000000
62 68 1.000000
62 69 1.000000
62 70 1.000000
62 71 1.000000
62 72 1.000000
62 73 1.000000
62 74 1.000000
62 75 1.000000
62 76 1.000000
62 77 1.000000
62 78 1.000000
62 79 1.000000
62 80 1.000000
62 81 1.000000
62 82 1.000000
62 83 1.000000
62 84 1.000000
62 85 1.000000
62 86 1.000000
62 87 1.000000
62 88 1.000000
62 89 1.000000
62 90 1.000000
62 91 1.000000
62 92 1.000000
62 93 1.000000
62 94 1.000000
62 95 1.000000
62 125 -1.000000
62 128 -1.000000
62 143 -1.000000
62 146 -1.000000
63 14 -0.500000
63 20 -0.500000
63 36 1.000000
63 37 1.000000
63 38 1.000000
63 39 1.000000
63 40 1.000000
63 41 1.000000
63 42 1.000000
63 43 1.000000
63 44 1.000000
63 45 1.000000
63 46 1.000000
63 47 1.000000
63 48 1.000000
63 49 1.000000
63 50 1.000000
63 51 1.000000
63 52 1.000000
63 53 1.000000
63 54 1.000000
63 55 1.000000
63 56 1.000000
63 57 1.000000
63 58 1.000000
63 59 1.000000
63 60 1.500000
63 61 1.000000
63 62 1.500000
63 64 1.000000
63 65 1.000000
63 66 1.000000
63 67 1.000000
63 68 1.000000
63 69 1.000000
63 70 1.000000
63 71 1.500000
63 72 1.000000
63 73 1.500000
63 74 1.000000
63 75 1.000000
63 76 1.000000
63 77 1.000000
63 78 1.000000
63 79 1.000000
63 80 1.000000
63 81 1.000000
63 82 1.000000
63 83 1.000000
63 84 1.000000
63 85 1.000000
63 86 1.000000
63 87 1.000000
63 88 1.000000
63 89 1.000000
63 90 1.000000
63 91 1.000000
63 92 1.000000
63 93 1.000000
63 94 1.000000
63 95 1.000000
63 139 -1.000000
63 144 -1.000000
63 145 -1.000000
63 146 -1.000000
64 15 -0.500000
64 16 -0.500000
64 36 1.000000
64 37 1.000000
64 38 1.000000
64 39 1.000000
64 40 1.000000
64 41 1.000000
64 42 1.000000
64 43 1.000000
64 44 1.000000
64 45 1.000000
64 46 1.000000
64 47 1.000000
64 48 1.000000
64 49 1.000000
64 50 1.000000
64 51 1.000000
64 52 1.000000
64 53 1.000000
64 54 1.500000
64 55 1.000000
64 56 1.500000
64 57 1.000000
64 58 1.000000
64 59 1.000000
64 60 1.000000
64 61 1.000000
64 62 1.000000
64 63 1.000000
64 65 1.500000
64 66 1.000000
64 67 1.500000
64 68 1.000000
64 69 1.000000
64 70 1.000000
64 71 1.000000
64 72 1.000000
64 73 1.000000
64 74 1.000000
64 75 1.000000
64 76 1.000000
64 77 1.000000
64 78 1.000000
64 79 1.000000
64 80 1.000000
64 81 1.000000
64 82 1.000000
64 83 1.000000
64 84 1.000000
64 85 1.000000
64 86 1.000000
64 87 1.000000
64 88 1.000000
64 89 1.000000
64 90 1.000000
64 91 1.000000
64 92 1.000000
64 93 1.000000
64 94 1.000000
64 95 1.000000
64 129 -1.000000
64 132 -1.000000
64 147 -1.000000
64 150 -1.000000
65 15 -0.500000
65 21 -0.500000
65 36 1.000000
65 37 1.000000
65 38 1.000000
65 39 1.000000
65 40 1.000000
65 41 1.000000
65 42 1.000000
65 43 1.000000
65 44 1.000000
65 45 1.000000
65 46 1.000000
65 47 1.000000
65 48 1.000000
65 49 1.000000
65 50 1.000000
65 51 1.000000
65 52 1.000000
65 53 1.000000
65 54 1.000000
65 55 1.000000
65 56 1.000000
65 57 1.000000
65 58 1.000000
65 59 1.000000
65 60 1.000000
65 61 1.000000
65 62 1.500000
65 63 1.000000
65 64 1.500000
65 66 1.000000
65 67 1.000000
65 68 1.000000
65 69 1.000000
65 70 1.000000
65 71 1.000000
65 72 1.000000
65 73 1.500000
65 74 1.000000
65 75 1.500000
65 76 1.000000
65 77 1.000000
65 78 1.000000
65 79 1.000000
65 80 1.000000
65 81 1.000000
65 82 1.000000
65 83 1.000000
65 84 1.000000
65 85 1.000000
65 86 1.000000
65 87 1.000000
65 88 1.000000
65 89 1.000000
65 90 1.000000
65 91 1.000000
65 92 1.000000
65 93 1.000000
65 94 1.000000
65 95 1.000000
65 143 -1.000000
65 148 -1.000000
65 149 -1.000000
65 150 -1.000000
66 16 -0.500000
66 17 -0.500000
66 36 1.000000
66 37 1.000000
66 38 1.000000
66 39 1.000000
66 40 1.000000
66 41 1.000000
66 42 1.000000
66 43 1.000000
66 44 1.000000
66 45 1.000000
66 46 1.000000
66 47 1.000000
66 48 1.000000
66 49 1.000000
66 50 1.000000
66 51 1.000000
66 52 1.000000
66 53 1.000000
66 54 1.000000
66 55 1.000000
66 56 1.500000
66 57 1.500000
66 58 1.000000
66 59 1.000000
66 60 1.000000
66 61 1.000000
66 62 1.000000
66 63 1.000000
66 64 1.000000
66 65 1.000000
66 67 1.500000
66 68 1.500000
66 69 1.000000
66 70 1.000000
66 71 1.000000
66 72 1.000000
66 73 1.000000
66 74 1.000000
66 75 1.000000
66 76 1.000000
66 77 1.000000
66 78 1.000000
66 79 1.000000
66 80 1.000000
66 81 1.000000
66 82 1.000000
66 83 1.000000
66 84 1.000000
66 85 1.000000
66 86 1.000000
66 87 1.000000
66 88 1.000000
66 89 1.000000
66 90 1.000000
66 91 1.000000
66 92 1.000000
66 93 1.000000
66 94 1.000000
66 95 1.000000
66 133 -1.000000
66 135 -1.000000
66 151 -1.000000
66 154 -1.000000
67 16 -0.500000
67 22 -0.500000
67 36 1.000000
67 37 1.000000
67 38 1.000000
67 39 1.000000
67 40 1.000000
67 41 1.000000
67 42 1.000000
67 43 1.000000
67 44 1.000000
67 45 1.000000
67 46 1.000000
67 47 1.000000
67 48 1.000000
67 49 1.000000
67 50 1.000000
67 51 1.000000
67 52 1.000000
67 53 1.000000
67 54 1.000000
67 55 1.000000
67 56 1.000000
67 57 1.000000
67 58 1.000000
67 59 1.000000
67 60 1.000000
67 61 1.000000
67 62 1.000000
67 63 1.000000
67 64 1.500000
67 65 1.000000
67 66 1.500000
67 68 1.000000
67 69 1.000000
67 70 1.000000
67 71 1.000000
67 72 1.000000
67 73 1.000000
67 74 1.000000
67 75 1.500000
67 76 1.000000
67 77 1.500000
67 78 1.000000
67 79 1.000000
67 80 1.000000
67 81 1.000000
67 82 1.000000
67 83 1.000000
67 84 1.000000
67 85 1.000000
67 86 1.000000
67 87 1.000000
67 88 1.000000
67 89 1.000000
67 90 1.000000
67 91 1.000000
67 92 1.000000
67 93 1.000000
67 94 1.000000
67 95 1.000000
67 147 -1.000000
67 152 -1.000000
67 153 -1.000000
67 154 -1.000000
68 17 -0.500000
68 23 -0.500000
68 36 1.000000
68 37 1.000000
68 38 1.000000
68 39 1.000000
68 40 1.000000
68 41 1.000000
68 42 1.000000
68 43 1.000000
68 44 1.000000
68 45 1.000000
68 46 1.000000
68 47 1.000000
68 48 1.000000
68 49 1.000000
68 50 1.000000
68 51 1.000000
68 52 1.000000
68 53 1.000000
68 54 1.000000
68 55 1.000000
68 56 1.000000
68 57 1.000000
68 58 1.000000
68 59 1.000000
68 60 1.000000
68 61 1.000000
68 62 1.000000
68 63 1.000000
68 64 1.000000
68 65 1.000000
68 66 1.500000
68 67 1.000000
68 69 1.000000
68 70 1.000000
68 71 1.000000
68 72 1.000000
68 73 1.000000
68 74 1.000000
68 75 1.000000
68 76 1.000000
68 77 1.500000
68 78 1.000000
68 79 1.000000
68 80 1.000000
68 81 1.000000
68 82 1.000000
68 83 1.000000
68 84 1.000000
68 85 1.000000
68 86 1.000000
68 87 1.000000
68 88 1.000000
68 89 1.000000
68 90 1.000000
68 91 1.000000
68 92 1.000000
68 93 1.000000
68 94 1.000000
68 95 1.000000
68 151 -1.000000
68 155 -1.000000
69 18 -0.500000
69 19 -0.500000
69 36 1.000000
69 37 1.000000
69 38 1.000000
69 39 1.000000
69 40 1.000000
69 41 1.000000
69 42 1.000000
69 43 1.000000
69 44 1.000000
69 45 1.000000
69 46 1.000000
69 47 1.000000
69 48 1.000000
69 49 1.000000
69 50 1.000000
69 51 1.000000
69 52 1.000000
69 53 1.000000
69 54 1.000000
69 55 1.000000
69 56 1.000000
69 57 1.000000
69 58 1.000000
69 59 1.500000
69 60 1.000000
69 61 1.500000
69 62 1.000000
69 63 1.000000
69 64 1.000000
69 65 1.000000
69 66 1.000000
69 67 1.000000
69 68 1.000000
69 70 1.500000
69 71 1.000000
69 72 1.500000
69 73 1.000000
69 74 1.000000
69 75 1.000000
69 76 1.000000
69 77 1.000000
69 78 1.000000
69 79 1.000000
69 80 1.000000
69 81 1.000000
69 82 1.000000
69 83 1.000000
69 84 1.000000
69 85 1.000000
69 86 1.000000
69 87 1.000000
69 88 1.000000
69 89 1.000000
69 90 1.000000
69 91 1.000000
69 92 1.000000
69 93 1.000000
69 94 1.000000
69 95 1.000000
69 137 -1.000000
69 140 -1.000000
69 156 -1.000000
69 158 -1.000000
70 18 -0.500000
70 24 -0.500000
70 36 1.000000
70 37 1.000000
70 38 1.000000
70 39 1.000000
70 40 1.000000
70 41 1.000000
70 42 1.000000
70 43 1.000000
70 44 1.000000
70 45 1.000000
70 46 1.000000
70 47 1.000000
70 48 1.000000
70 49 1.000000
70 50 1.000000
70 51 1.000000
70 52 1.000000
70 53 1.000000
70 54 1.000000
70 55 1.000000
70 56 1.000000
70 57 1.000000
70 58 1.000000
70 59 1.000000
70 60 1.000000
70 61 1.000000
70 62 1.000000
70 63 1.000000
70 64 1.000000
70 65 1.000000
70 66 1.000000
70 67 1.000000
70 68 1.000000
70 69 1.500000
70 71 1.000000
70 72 1.000000
70 73 1.000000
70 74 1.000000
70 75 1.000000
70 76 1.000000
70 77 1.000000
70 78 1.000000
70 79 1.000000
70 80 1.500000
70 81 1.000000
70 82 1.000000
70 83 1.000000
70 84 1.000000
70 85 1.000000
70 86 1.000000
70 87 1.000000
70 88 1.000000
70 89 1.000000
70 90 1.000000
70 91 1.000000
70 92 1.000000
70 93 1.000000
70 94 1.000000
70 95 1.000000
70 157 -1.000000
70 158 -1.000000
71 19 -0.500000
71 20 -0.500000
71 36 1.000000
71 37 1.000000
71 38 1.000000
71 39 1.000000
71 40 1.000000
71 41 1.000000
71 42 1.000000
71 43 1.000000
71 44 1.000000
71 45 1.000000
71 46 1.000000
71 47 1.000000
71 48 1.000000
71 49 1.000000
71 50 1.000000
71 51 1.000000
71 52 1.000000
71 53 1.000000
71 54 1.000000
71 55 1.000000
71 56 1.000000
71 57 1.000000
71 58 1.000000
71 59 1.000000
71 60 1.000000
71 61 1.500000
71 62 1.000000
71 63 1.500000
71 64 1.000000
71 65 1.000000
71 66 1.000000
71 67 1.000000
71 68 1.000000
71 69 1.000000
71 70 1.000000
71 72 1.500000
71 73 1.000000
71 74 1.500000
71 75 1.000000
71 76 1.000000
71 77 1.000000
71 78 1.000000
71 79 1.000000
71 80 1.000000
71 81 1.000000
71 82 1.000000
71 83 1.000000
71 84 1.000000
71 85 1.000000
71 86 1.000000
71 87 1.000000
71 88 1.000000
71 89 1.000000
71 90 1.000000
71 91 1.000000
71 92 1.000000
71 93 1.000000
71 94 1.000000
71 95 1.000000
71 141 -1.000000
71 144 -1.000000
71 159 -1.000000
71 162 -1.000000
72 19 -0.500000
72 25 -0.500000
72 36 1.000000
72 37 1.000000
72 38 1.000000
72 39 1.000000
72 40 1.000000
72 41 1.000000
72 42 1.000000
72 43 1.000000
72 44 1.000000
72 45 1.000000
72 46 1.000000
72 47 1.000000
72 48 1.000000
72 49 1.000000
72 50 1.000000
72 51 1.000000
72 52 1.000000
72 53 1.000000
72 54 1.000000
72 55 1.000000
72 56 1.000000
72 57 1.000000
72 58 1.000000
72 59 1.000000
72 60 1.000000
72 61 1.000000
72 62 1.000000
72 63 1.000000
72 64 1.000000
72 65 1.000000
72 66 1.000000
72 67 1.000000
72 68 1.000000
72 69 1.500000
72 70 1.000000
72 71 1.500000
72 73 1.000000
72 74 1.000000
72 75 1.000000
72 76 1.000000
72 77 1.000000
72 78 1.000000
72 79 1.000000
72 80 1.500000
72 81 1.000000
72 82 1.500000
72 83 1.000000
72 84 1.000000
72 85 1.000000
72 86 1.000000
72 87 1.000000
72 88 1.000000
72 89 1.000000
72 90 1.000000
72 91 1.000000
72 92 1.000000
72 93 1.000000
72 94 1.000000
72 95 1.000000
72 156 -1.000000
72 160 -1.000000
72 161 -1.000000
72 162 -1.000000
73 20 -0.500000
73 21 -0.500000
73 36 1.000000
73 37 1.000000
73 38 1.000000
73 39 1.000000
73 40 1.000000
73 41 1.000000
73 42 1.000000
73 43 1.000000
73 44 1.000000
73 45 1.000000
73 46 1.000000
73 47 1.000000
73 48 1.000000
73 49 1.000000
73 50 1.000000
73 51 1.000000
73 52 1.000000
73 53 1.000000
73 54 1.000000
73 55 1.000000
73 56 1.000000
73 57 1.000000
73 58 1.000000
73 59 1.000000
73 60 1.000000
73 61 1.000000
73 62 1.000000
73 63 1.500000
73 64 1.000000
73 65 1.500000
73 66 1.000000
73 67 1.000000
73 68 1.000000
73 69 1.000000
73 70 1.000000
73 71 1.000000
73 72 1.000000
73 74 1.500000
73 75 1.000000
73 76 1.500000
73 77 1.000000
73 78 1.000000
73 79 1.000000
73 80 1.000000
73 81 1.000000
73 82 1.000000
73 83 1.000000
73 84 1.000000
73 85 1.000000
73 86 1.000000
73 87 1.000000
73 88 1.000000
73 89 1.000000
73 90 1.000000
73 91 1.000000
73 92 1.000000
73 93 1.000000
73 94 1.000000
73 95 1.000000
73 145 -1.000000
73 148 -1.000000
73 163 -1.000000
73 166 -1.000000
74 20 -0.500000
74 26 -0.500000
74 36 1.000000
74 37 1.000000
74 38 1.000000
74 39 1.000000
74 40 1.000000
74 41 1.000000
74 42 1.000000
74 43 1.000000
74 44 1.000000
74 45 1.000000
74 46 1.000000
74 47 1.000000
74 48 1.000000
74 49 1.000000
74 50 1.000000
74 51 1.000000
74 52 1.000000
74 53 1.000000
74 54 1.000000
74 55 1.000000
74 56 1.000000
74 57 1.000000
74 58 1.000000
74 59 1.000000
74 60 1.000000
74 61 1.000000
74 62 1.000000
74 63 1.000000
74 64 1.000000
74 65 1.000000
74 66 1.000000
74 67 1.000000
74 68 1.000000
74 69 1.000000
74 70 1.000000
74 71 1.500000
74 72 1.000000
74 73 1.500000
74 75 1.000000
74 76 1.000000
74 77 1.000000
74 78 1.000000
74 79 1.000000
74 80 1.000000
74 81 1.000000
74 82 1.500000
74 83 1.000000
74 84 1.500000
74 85 1.000000
74 86 1.000000
74 87 1.000000
74 88 1.000000
74 89 1.000000
74 90 1.000000
74 91 1.000000
74 92 1.000000
74 93 1.000000
74 94 1.000000
74 95 1.000000
74 159 -1.000000
74 164 -1.000000
74 165 -1.000000
74 166 -1.000000
75 21 -0.500000
75 22 -0.500000
75 36 1.000000
75 37 1.000000
75 38 1.000000
75 39 1.000000
75 40 1.000000
75 41 1.000000
75 42 1.000000
75 43 1.000000
75 44 1.000000
75 45 1.000000
75 46 1.000000
75 47 1.000000
75 48 1.000000
75 49 1.000000
75 50 1.000000
75 51 1.000000
75 52 1.000000
75 53 1.000000
75 54 1.000000
75 55 1.000000
75 56 1.000000
75 57 1.000000
75 58 1.000000
75 59 1.000000
75 60 1.000000
75 61 1.000000
75 62 1.000000
75 63 1.000000
75 64 1.000000
75 65 1.500000
75 66 1.000000
75 67 1.500000
75 68 1.000000
75 69 1.000000
75 70 1.000000
75 71 1.000000
75 72 1.000000
75 73 1.000000
75 74 1.000000
75 76 1.500000
75 77 1.000000
75 78 1.500000
75 79 1.000000
75 80 1.000000
75 81 1.000000
75 82 1.000000
75 83 1.000000
75 84 1.000000
75 85 1.000000
75 86 1.000000
75 87 1.000000
75 88 1.000000
75 89 1.000000
75 90 1.000000
75 91 1.000000
75 92 1.000000
75 93 1.000000
75 94 1.000000
75 95 1.000000
75 149 -1.000000
75 152 -1.000000
75 167 -1.000000
75 170 -1.000000
76 21 -0.500000
76 27 -0.500000
76 36 1.000000
76 37 1.000000
76 38 1.000000
76 39 1.000000
76 40 1.000000
76 41 1.000000
76 42 1.000000
76 43 1.000000
76 44 1.000000
76 45 1.000000
76 46 1.000000
76 47 1.000000
76 48 1.000000
76 49 1.000000
76 50 1.000000
76 51 1.000000
76 52 1.000000
76 53 1.000000
76 54 1.000000
76 55 1.000000
76 56 1.000000
76 57 1.000000
76 58 1.000000
76 59 1.000000
76 60 1.000000
76 61 1.000000
76 62 1.000000
76 63 1.000000
76 64 1.000000
76 65 1.000000
76 66 1.000000
76 67 1.000000
76 68 1.000000
76 69 1.000000
76 70 1.000000
76 71 1.000000
76 72 1.000000
76 73 1.500000
76 74 1.000000
76 75 1.500000
76 77 1.000000
76 78 1.000000
76 79 1.000000
76 80 1.000000
76 81 1.000000
76 82 1.000000
76 83 1.000000
76 84 1.500000
76 85 1.000000
76 86 1.500000
76 87 1.000000
76 88 1.000000
76 89 1.000000
76 90 1.000000
76 91 1.000000
76 92 1.000000
76 93 1.000000
76 94 1.000000
76 95 1.000000
76 163 -1.000000
76 168 -1.000000
76 169 -1.000000
76 170 -1.000000
77 22 -0.500000
77 23 -0.500000
77 36 1.000000
77 37 1.000000
77 38 1.000000
77 39 1.000000
77 40 1.000000
77 41 1.000000
77 42 1.000000
77 43 1.000000
77 44 1.000000
77 45 1.000000
77 46 1.000000
77 47 1.000000
77 48 1.000000
77 49 1.000000
77 50 1.000000
77 51 1.000000
77 52 1.000000
77 53 1.000000
77 54 1.000000
77 55 1.000000
77 56 1.000000
77 57 1.000000
77 58 1.000000
77 59 1.000000
77 60 1.000000
77 61 1.000000
77 62 1.000000
77 63 1.000000
77 64 1.000000
77 65 1.000000
77 66 1.000000
77 67 1.500000
77 68 1.500000
77 69 1.000000
77 70 1.000000
77 71 1.000000
77 72 1.000000
77 73 1.000000
77 74 1.000000
77 75 1.000000
77 76 1.000000
77 78 1.500000
77 79 1.500000
77 80 1.000000
77 81 1.000000
77 82 1.000000
77 83 1.000000
77 84 1.000000
77 85 1.000000
77 86 1.000000
77 87 1.000000
77 88 1.000000
77 89 1.000000
77 90 1.000000
77 91 1.000000
77 92 1.000000
77 93 1.000000
77 94 1.000000
77 95 1.000000
77 153 -1.000000
77 155 -1.000000
77 171 -1.000000
77 174 -1.000000
78 22 -0.500000
78 28 -0.500000
78 36 1.000000
78 37 1.000000
78 38 1.000000
78 39 1.000000
78 40 1.000000
78 41 1.000000
78 42 1.000000
78 43 1.000000
78 44 1.000000
78 45 1.000000
78 46 1.000000
78 47 1.000000
78 48 1.000000
78 49 1.000000
78 50 1.000000
78 51 1.000000
78 52 1.000000
78 53 1.000000
78 54 1.000000
78 55 1.000000
78 56 1.000000
78 57 1.000000
78 58 1.000000
78 59 1.000000
78 60 1.000000
78 61 1.000000
78 62 1.000000
78 63 1.000000
78 64 1.000000
78 65 1.000000
78 66 1.000000
78 67 1.000000
78 68 1.000000
78 69 1.000000
78 70 1.000000
78 71 1.000000
78 72 1.000000
78 73 1.000000
78 74 1.000000
78 75 1.500000
78 76 1.000000
78 77 1.500000
78 79 1.000000
78 80 1.000000
78 81 1.000000
78 82 1.000000
78 83 1.000000
78 84 1.000000
78 85 1.000000
78 86 1.500000
78 87 1.000000
78 88 1.500000
78 89 1.000000
78 90 1.000000
78 91 1.000000
78 92 1.000000
78 93 1.000000
78 94 1.000000
78 95 1.000000
78 167 -1.000000
78 172 -1.000000
78 173 -1.000000
78 174 -1.000000
79 23 -0.500000
79 29 -0.500000
79 36 1.000000
79 37 1.000000
79 38 1.000000
79 39 1.000000
79 40 1.000000
79 41 1.000000
79 42 1.000000
79 43 1.000000
79 44 1.000000
79 45 1.000000
79 46 1.000000
79 47 1.000000
79 48 1.000000
79 49 1.000000
79 50 1.000000
79 51 1.000000
79 52 1.000000
79 53 1.000000
79 54 1.000000
79 55 1.000000
79 56 1.000000
79 57 1.000000
79 58 1.000000
79 59 1.000000
79 60 1.000000
79 61 1.000000
79 62 1.000000
79 63 1.000000
79 64 1.000000
79 65 1.000000
79 66 1.000000
79 67 1.000000
79 68 1.000000
79 69 1.000000
79 70 1.000000
79 71 1.000000
79 72 1.000000
79 73 1.000000
79 74 1.000000
79 75 1.000000
79 76 1.000000
79 77 1.500000
79 78 1.000000
79 80 1.000000
79 81 1.000000
79 82 1.000000
79 83 1.000000
79 84 1.000000
79 85 1.000000
79 86 1.000000
79 87 1.000000
79 88 1.500000
79 89 1.000000
79 90 1.000000
79 91 1.000000
79 92 1.000000
79 93 1.000000
79 94 1.000000
79 95 1.000000
79 171 -1.000000
79 175 -1.000000
80 24 -0.500000
80 25 -0.500000
80 36 1.000000
80 37 1.000000
80 38 1.000000
80 39 1.000000
80 40 1.000000
80 41 1.000000
80 42 1.000000
80 43 1.000000
80 44 1.000000
80 45 1.000000
80 46 1.000000
80 47 1.000000
80 48 1.000000
80 49 1.000000
80 50 1.000000
80 51 1.000000
80 52 1.000000
80 53 1.000000
80 54 1.000000
80 55 1.000000
80 56 1.000000
80 57 1.000000
80 58 1.000000
80 59 1.000000
80 60 1.000000
80 61 1.000000
80 62 1.000000
80 63 1.000000
80 64 1.000000
80 65 1.000000
80 66 1.000000
80 67 1.000000
80 68 1.000000
80 69 1.000000
80 70 1.500000
80 71 1.000000
80 72 1.500000
80 73 1.000000
80 74 1.000000
80 75 1.000000
80 76 1.000000
80 77 1.000000
80 78 1.000000
80 79 1.000000
80 81 1.500000
80 82 1.000000
80 83 1.500000
80 84 1.000000
80 85 1.000000
80 86 1.000000
80 87 1.000000
80 88 1.000000
80 89 1.000000
80 90 1.000000
80 91 1.000000
80 92 1.000000
80 93 1.000000
80 94 1.000000
80 95 1.000000
80 157 -1.000000
80 160 -1.000000
80 176 -1.000000
80 178 -1.000000
81 24 -0.500000
81 30 -0.500000
81 36 1.000000
81 37 1.000000
81 38 1.000000
81 39 1.000000
81 40 1.000000
81 41 1.000000
81 42 1.000000
81 43 1.000000
81 44 1.000000
81 45 1.000000
81 46 1.000000
81 47 1.000000
81 48 1.000000
81 49 1.000000
81 50 1.000000
81 51 1.000000
81 52 1.000000
81 53 1.000000
81 54 1.000000
81 55 1.000000
81 56 1.000000
81 57 1.000000
81 58 1.000000
81 59 1.000000
81 60 1.000000
81 61 1.000000
81 62 1.000000
81 63 1.000000
81 64 1.000000
81 65 1.000000
81 66 1.000000
81 67 1.000000
81 68 1.000000
81 69 1.000000
81 70 1.000000
81 71 1.000000
81 72 1.000000
81 73 1.000000
81 74 1.000000
81 75 1.000000
81 76 1.000000
81 77 1.000000
81 78 1.000000
81 79 1.000000
81 80 1.500000
81 82 1.000000
81 83 1.000000
81 84 1.000000
81 85 1.000000
81 86 1.000000
81 87 1.000000
81 88 1.000000
81 89 1.000000
81 90 1.000000
81 91 1.500000
81 92 1.000000
81 93 1.000000
81 94 1.000000
81 95 1.000000
81 177 -1.000000
81 178 -1.000000
82 25 -0.500000
82 26 -0.500000
82 36 1.000000
82 37 1.000000
82 38 1.000000
82 39 1.000000
82 40 1.000000
82 41 1.000000
82 42 1.000000
82 43 1.000000
82 44 1.000000
82 45 1.000000
82 46 1.000000
82 47 1.000000
82 48 1.000000
82 49 1.000000
82 50 1.000000
82 51 1.000000
82 52 1.000000
82 53 1.000000
82 54 1.000000
82 55 1.000000
82 56 1.000000
82 57 1.000000
82 58 1.000000
82 59 1.000000
82 60 1.000000
82 61 1.000000
82 62 1.000000
82 63 1.000000
82 64 1.000000
82 65 1.000000
82 66 1.000000
82 67 1.000000
82 68 1.000000
82 69 1.000000
82 70 1.000000
82 71 1.000000
82 72 1.500000
82 73 1.000000
82 74 1.500000
82 75 1.000000
82 76 1.000000
82 77 1.000000
82 78 1.000000
82 79 1.000000
82 80 1.000000
82 81 1.000000
82 83 1.500000
82 84 1.000000
82 85 1.500000
82 86 1.000000
82 87 1.000000
82 88 1.000000
82 89 1.000000
82 90 1.000000
82 91 1.000000
82 92 1.000000
82 93 1.000000
82 94 1.000000
82 95 1.000000
82 161 -1.000000
82 164 -1.000000
82 179 -1.000000
82 182 -1.000000
83 25 -0.500000
83 31 -0.500000
83 36 1.000000
83 37 1.000000
83 38 1.000000
83 39 1.000000
83 40 1.000000
83 41 1.000000
83 42 1.000000
83 43 1.000000
83 44 1.000000
83 45 1.000000
83 46 1.000000
83 47 1.000000
83 48 1.000000
83 49 1.000000
83 50 1.000000
83 51 1.000000
83 52 1.000000
83 53 1.000000
83 54 1.000000
83 55 1.000000
83 56 1.000000
83 57 1.000000
83 58 1.000000
83 59 1.000000
83 60 1.000000
83 61 1.000000
83 62 1.000000
83 63 1.000000
83 64 1.000000
83 65 1.000000
83 66 1.000000
83 67 1.000000
83 68 1.000000
83 69 1.000000
83 70 1.000000
83 71 1.000000
83 72 1.000000
83 73 1.000000
83 74 1.000000
83 75 1.000000
83 76 1.000000
83 77 1.000000
83 78 1.000000
83 79 1.000000
83 80 1.500000
83 81 1.000000
83 82 1.500000
83 84 1.000000
83 85 1.000000
83 86 1.000000
83 87 1.000000
83 88 1.000000
83 89 1.000000
83 90 1.000000
83 91 1.500000
83 92 1.500000
83 93 1.000000
83 94 1.000000
83 95 1.000000
83 176 -1.000000
83 180 -1.000000
83 181 -1.000000
83 182 -1.000000
84 26 -0.500000
84 27 -0.500000
84 36 1.000000
84 37 1.000000
84 38 1.000000
84 39 1.000000
84 40 1.000000
84 41 1.000000
84 42 1.000000
84 43 1.000000
84 44 1.000000
84 45 1.000000
84 46 1.000000
84 47 1.000000
84 48 1.000000
84 49 1.000000
84 50 1.000000
84 51 1.000000
84 52 1.000000
84 53 1.000000
84 54 1.000000
84 55 1.000000
84 56 1.000000
84 57 1.000000
84 58 1.000000
84 59 1.000000
84 60 1.000000
84 61 1.000000
84 62 1.000000
84 63 1.000000
84 64 1.000000
84 65 1.000000
84 66 1.000000
84 67 1.000000
84 68 1.000000
84 69 1.000000
84 70 1.000000
84 71 1.000000
84 72 1.000000
84 73 1.000000
84 74 1.500000
84 75 1.000000
84 76 1.500000
84 77 1.000000
84 78 1.000000
84 79 1.000000
84 80 1.000000
84 81 1.000000
84 82 1.000000
84 83 1.000000
84 85 1.500000
84 86 1.000000
84 87 1.500000
84 88 1.000000
84 89 1.000000
84 90 1.000000
84 91 1.000000
84 92 1.000000
84 93 1.000000
84 94 1.000000
84 95 1.000000
84 165 -1.000000
84 168 -1.000000
84 183 -1.000000
84 186 -1.000000
85 26 -0.500000
85 32 -0.500000
85 36 1.000000
85 37 1.000000
85 38 1.000000
85 39 1.000000
85 40 1.000000
85 41 1.000000
85 42 1.000000
85 43 1.000000
85 44 1.000000
85 45 1.000000
85 46 1.000000
85 47 1.000000
85 48 1.000000
85 49 1.000000
85 50 1.000000
85 51 1.000000
85 52 1.000000
85 53 1.000000
85 54 1.000000
85 55 1.000000
85 56 1.000000
85 57 1.000000
85 58 1.000000
85 59 1.000000
85 60 1.000000
85 61 1.000000
85 62 1.000000
85 63 1.000000
85 64 1.000000
85 65 1.000000
85 66 1.000000
85 67 1.000000
85 68 1.000000
85 69 1.000000
85 70 1.000000
85 71 1.000000
85 72 1.000000
85 73 1.000000
85 74 1.000000
85 75 1.000000
85 76 1.000000
85 77 1.000000
85 78 1.000000
85 79 1.000000
85 80 1.000000
85 81 1.000000
85 82 1.500000
85 83 1.000000
85 84 1.500000
85 86 1.000000
85 87 1.000000
85 88 1.000000
85 89 1.000000
85 90 1.000000
85 91 1.000000
85 92 1.500000
85 93 1.500000
85 94 1.000000
85 95 1.000000
85 179 -1.000000
85 184 -1.000000
85 185 -1.000000
85 186 -1.000000
86 27 -0.500000
86 28 -0.500000
86 36 1.000000
86 37 1.000000
86 38 1.000000
86 39 1.000000
86 40 1.000000
86 41 1.000000
86 42 1.000000
86 43 1.000000
86 44 1.000000
86 45 1.000000
86 46 1.000000
86 47 1.000000
86 48 1.000000
86 49 1.000000
86 50 1.000000
86 51 1.000000
86 52 1.000000
86 53 1.000000
86 54 1.000000
86 55 1.000000
86 56 1.000000
86 57 1.000000
86 58 1.000000
86 59 1.000000
86 60 1.000000
86 61 1.000000
86 62 1.000000
86 63 1.000000
86 64 1.000000
86 65 1.000000
86 66 1.000000
86 67 1.000000
86 68 1.000000
86 69 1.000000
86 70 1.000000
86 71 1.000000
86 72 1.000000
86 73 1.000000
86 74 1.000000
86 75 1.000000
86 76 1.500000
86 77 1.000000
86 78 1.500000
86 79 1.000000
86 80 1.000000
86 81 1.000000
86 82 1.000000
86 83 1.000000
86 84 1.000000
86 85 1.000000
86 87 1.500000
86 88 1.000000
86 89 1.500000
86 90 1.000000
86 91 1.000000
86 92 1.000000
86 93 1.000000
86 94 1.000000
86 95 1.000000
86 169 -1.000000
86 172 -1.000000
86 187 -1.000000
86 190 -1.000000
87 27 -0.500000
87 33 -0.500000
87 36 1.000000
87 37 1.000000
87 38 1.000000
87 39 1.000000
87 40 1.000000
87 41 1.000000
87 42 1.000000
87 43 1.000000
87 44 1.000000
87 45 1.000000
87 46 1.000000
87 47 1.000000
87 48 1.000000
87 49 1.000000
87 50 1.000000
87 51 1.000000
87 52 1.000000
87 53 1.000000
87 54 1.000000
87 55 1.000000
87 56 1.000000
87 57 1.000000
87 58 1.000000
87 59 1.000000
87 60 1.000000
87 61 1.000000
87 62 1.000000
87 63 1.000000
87 64 1.000000
87 65 1.000000
87 66 1.000000
87 67 1.000000
87 68 1.000000
87 69 1.000000
87 70 1.000000
87 71 1.000000
87 72 1.000000
87 73 1.000000
87 74 1.000000
87 75 1.000000
87 76 1.000000
87 77 1.000000
87 78 1.000000
87 79 1.000000
87 80 1.000000
87 81 1.000000
87 82 1.000000
87 83 1.000000
87 84 1.500000
87 85 1.000000
87 86 1.500000
87 88 1.000000
87 89 1.000000
87 90 1.000000
87 91 1.000000
87 92 1.000000
87 93 1.500000
87 94 1.500000
87 95 1.000000
87 183 -1.000000
87 188 -1.000000
87 189 -1.000000
87 190 -1.000000
88 28 -0.500000
88 29 -0.500000
88 36 1.000000
88 37 1.000000
88 38 1.000000
88 39 1.000000
88 40 1.000000
88 41 1.000000
88 42 1.000000
88 43 1.000000
88 44 1.000000
88 45 1.000000
88 46 1.000000
88 47 1.000000
88 48 1.000000
88 49 1.000000
88 50 1.000000
88 51 1.000000
88 52 1.000000
88 53 1.000000
88 54 1.000000
88 55 1.000000
88 56 1.000000
88 57 1.000000
88 58 1.000000
88 59 1.000000
88 60 1.000000
88 61 1.000000
88 62 1.000000
88 63 1.000000
88 64 1.000000
88 65 1.000000
88 66 1.000000
88 67 1.000000
88 68 1.000000
88 69 1.000000
88 70 1.000000
88 71 1.000000
88 72 1.000000
88 73 1.000000
88 74 1.000000
88 75 1.000000
88 76 1.000000
88 77 1.000000
88 78 1.500000
88 79 1.500000
88 80 1.000000
88 81 1.000000
88 82 1.000000
88 83 1.000000
88 84 1.000000
88 85 1.000000
88 86 1.000000
88 87 1.000000
88 89 1.500000
88 90 1.500000
88 91 1.000000
88 92 1.000000
88 93 1.000000
88 94 1.000000
88 95 1.000000
88 173 -1.000000
88 175 -1.000000
88 191 -1.000000
88 194 -1.000000
89 28 -0.500000
89 34 -0.500000
89 36 1.000000
89 37 1.000000
89 38 1.000000
89 39 1.000000
89 40 1.000000
89 41 1.000000
89 42 1.000000
89 43 1.000000
89 44 1.000000
89 45 1.000000
89 46 1.000000
89 47 1.000000
89 48 1.000000
89 49 1.000000
89 50 1.000000
89 51 1.000000
89 52 1.000000
89 53 1.000000
89 54 1.000000
89 55 1.000000
89 56 1.000000
89 57 1.000000
89 58 1.000000
89 59 1.000000
89 60 1.000000
89 61 1.000000
89 62 1.000000
89 63 1.000000
89 64 1.000000
89 65 1.000000
89 66 1.000000
89 67 1.000000
89 68 1.000000
89 69 1.000000
89 70 1.000000
89 71 1.000000
89 72 1.000000
89 73 1.000000
89 74 1.000000
89 75 1.000000
89 76 1.000000
89 77 1.000000
89 78 1.000000
89 79 1.000000
89 80 1.000000
89 81 1.000000
89 82 1.000000
89 83 1.000000
89 84 1.000000
89 85 1.000000
89 86 1.500000
89 87 1.000000
89 88 1.500000
89 90 1.000000
89 91 1.000000
89 92 1.000000
89 93 1.000000
89 94 1.500000
89 95 1.500000
89 187 -1.000000
89 192 -1.000000
89 193 -1.000000
89 194 -1.000000
90 29 -0.500000
90 35 -0.500000
90 36 1.000000
90 37 1.000000
90 38 1.000000
90 39 1.000000
90 40 1.000000
90 41 1.000000
90 42 1.000000
90 43 1.000000
90 44 1.000000
90 45 1.000000
90 46 1.000000
90 47 1.000000
90 48 1.000000
90 49 1.000000
90 50 1.000000
90 51 1.000000
90 52 1.000000
90 53 1.000000
90 54 1.000000
90 55 1.000000
90 56 1.000000
90 57 1.000000
90 58 1.000000
90 59 1.000000
90 60 1.000000
90 61 1.000000
90 62 1.000000
90 63 1.000000
90 64 1.000000
90 65 1.000000
90 66 1.000000
90 67 1.000000
90 68 1.000000
90 69 1.000000
90 70 1.000000
90 71 1.000000
90 72 1.000000
90 73 1.000000
90 74 1.000000
90 75 1.000000
90 76 1.000000
90 77 1.000000
90 78 1.000000
90 79 1.000000
90 80 1.000000
90 81 1.000000
90 82 1.000000
90 83 1.000000
90 84 1.000000
90 85 1.000000
90 86 1.000000
90 87 1.000000
90 88 1.500000
90 89 1.000000
90 91 1.000000
90 92 1.000000
90 93 1.000000
90 94 1.000000
90 95 1.500000
90 191 -1.000000
90 195 -1.000000
91 30 -0.500000
91 31 -0.500000
91 36 1.000000
91 37 1.000000
91 38 1.000000
91 39 1.000000
91 40 1.000000
91 41 1.000000
91 42 1.000000
91 43 1.000000
91 44 1.000000
91 45 1.000000
91 46 1.000000
91 47 1.000000
91 48 1.000000
91 49 1.000000
91 50 1.000000
91 51 1.000000
91 52 1.000000
91 53 1.000000
91 54 1.000000
91 55 1.000000
91 56 1.000000
91 57 1.000000
91 58 1.000000
91 59 1.000000
91 60 1.000000
91 61 1.000000
91 62 1.000000
91 63 1.000000
91 64 1.000000
91 65 1.000000
91 66 1.000000
91 67 1.000000
91 68 1.000000
91 69 1.000000
91 70 1.000000
91 71 1.000000
91 72 1.000000
91 73 1.000000
91 74 1.000000
91 75 1.000000
91 76 1.000000
91 77 1.000000
91 78 1.000000
91 79 1.000000
91 80 1.000000
91 81 1.500000
91 82 1.000000
91 83 1.500000
91 84 1.000000
91 85 1.000000
91 86 1.000000
91 87 1.000000
91 88 1.000000
91 89 1.000000
91 90 1.000000
91 92 1.000000
91 93 1.000000
91 94 1.000000
91 95 1.000000
91 177 -1.000000
91 180 -1.000000
92 31 -0.500000
92 32 -0.500000
92 36 1.000000
92 37 1.000000
92 38 1.000000
92 39 1.000000
92 40 1.000000
92 41 1.000000
92 42 1.000000
92 43 1.000000
92 44 1.000000
92 45 1.000000
92 46 1.000000
92 47 1.000000
92 48 1.000000
92 49 1.000000
92 50 1.000000
92 51 1.000000
92 52 1.000000
92 53 1.000000
92 54 1.000000
92 55 1.000000
92 56 1.000000
92 57 1.000000
92 58 1.000000
92 59 1.000000
92 60 1.000000
92 61 1.000000
92 62 1.000000
92 63 1.000000
92 64 1.000000
92 65 1.000000
92 66 1.000000
92 67 1.000000
92 68 1.000000
92 69 1.000000
92 70 1.000000
92 71 1.000000
92 72 1.000000
92 73 1.000000
92 74 1.000000
92 75 1.000000
92 76 1.000000
92 77 1.000000
92 78 1.000000
92 79 1.000000
92 80 1.000000
92 81 1.000000
92 82 1.000000
92 83 1.500000
92 84 1.000000
92 85 1.500000
92 86 1.000000
92 87 1.000000
92 88 1.000000
92 89 1.000000
92 90 1.000000
92 91 1.000000
92 93 1.000000
92 94 1.000000
92 95 1.000000
92 181 -1.000000
92 184 -1.000000
93 32 -0.500000
93 33 -0.500000
93 36 1.000000
93 37 1.000000
93 38 1.000000
93 39 1.000000
93 40 1.000000
93 41 1.000000
93 42 1.000000
93 43 1.000000
93 44 1.000000
93 45 1.000000
93 46 1.000000
93 47 1.000000
93 48 1.000000
93 49 1.000000
93 50 1.000000
93 51 1.000000
93 52 1.000000
93 53 1.000000
93 54 1.000000
93 55 1.000000
93 56 1.000000
93 57 1.000000
93 58 1.000000
93 59 1.000000
93 60 1.000000
93 61 1.000000
93 62 1.000000
93 63 1.000000
93 64 1.000000
93 65 1.000000
93 66 1.000000
93 67 1.000000
93 68 1.000000
93 69 1.000000
93 70 1.000000
93 71 1.000000
93 72 1.000000
93 73 1.000000
93 74 1.000000
93 75 1.000000
93 76 1.000000
93 77 1.000000
93 78 1.000000
93 79 1.000000
93 80 1.000000
93 81 1.000000
93 82 1.000000
93 83 1.000000
93 84 1.000000
93 85 1.500000
93 86 1.000000
93 87 1.500000
93 88 1.000000
93 89 1.000000
93 90 1.000000
93 91 1.000000
93 92 1.000000
93 94 1.000000
93 95 1.000000
93 185 -1.000000
93 188 -1.000000
94 33 -0.500000
94 34 -0.500000
94 36 1.000000
94 37 1.000000
94 38 1.000000
94 39 1.000000
94 40 1.000000
94 41 1.000000
94 42 1.000000
94 43 1.000000
94 44 1.000000
94 45 1.000000
94 46 1.000000
94 47 1.000000
94 48 1.000000
94 49 1.000000
94 50 1.000000
94 51 1.000000
94 52 1.000000
94 53 1.000000
94 54 1.000000
94 55 1.000000
94 56 1.000000
94 57 1.000000
94 58 1.000000
94 59 1.000000
94 60 1.000000
94 61 1.000000
94 62 1.000000
94 63 1.000000
94 64 1.000000
94 65 1.000000
94 66 1.000000
94 67 1.000000
94 68 1.000000
94 69 1.000000
94 70 1.000000
94 71 1.000000
94 72 1.000000
94 73 1.000000
94 74 1.000000
94 75 1.000000
94 76 1.000000
94 77 1.000000
94 78 1.000000
94 79 1.000000
94 80 1.000000
94 81 1.000000
94 82 1.000000
94 83 1.000000
94 84 1.000000
94 85 1.000000
94 86 1.000000
94 87 1.500000
94 88 1.000000
94 89 1.500000
94 90 1.000000
94 91 1.000000
94 92 1.000000
94 93 1.000000
94 95 1.000000
94 189 -1.000000
94 192 -1.000000
95 34 -0.500000
95 35 -0.500000
95 36 1.000000
95 37 1.000000
95 38 1.000000
95 39 1.000000
95 40 1.000000
95 41 1.000000
95 42 1.000000
95 43 1.000000
95 44 1.000000
95 45 1.000000
95 46 1.000000
95 47 1.000000
95 48 1.000000
95 49 1.000000
95 50 1.000000
95 51 1.000000
95 52 1.000000
95 53 1.000000
95 54 1.000000
95 55 1.000000
95 56 1.000000
95 57 1.000000
95 58 1.000000
95 59 1.000000
95 60 1.000000
95 61 1.000000
95 62 1.000000
95 63 1.000000
95 64 1.000000
95 65 1.000000
95 66 1.000000
95 67 1.000000
95 68 1.000000
95 69 1.000000
95 70 1.000000
95 71 1.000000
95 72 1.000000
95 73 1.000000
95 74 1.000000
95 75 1.000000
95 76 1.000000
95 77 1.000000
95 78 1.000000
95 79 1.000000
95 80 1.000000
95 81 1.000000
95 82 1.000000
95 83 1.000000
95 84 1.000000
95 85 1.000000
95 86 1.000000
95 87 1.000000
95 88 1.000000
95 89 1.500000
95 90 1.500000
95 91 1.000000
95 92 1.000000
95 93 1.000000
95 94 1.000000
95 193 -1.000000
95 195 -1.000000
96 36 -1.000000
96 39 -1.000000
96 102 0.500000
97 37 -1.000000
97 47 -1.000000
97 118 0.500000
98 36 -1.000000
98 37 -1.000000
99 38 -1.000000
99 41 -1.000000
99 106 0.500000
100 39 -1.000000
100 47 -1.000000
100 101 0.500000
100 116 0.500000
100 122 0.500000
101 39 -1.000000
101 49 -1.000000
101 100 0.500000
101 116 0.500000
101 122 0.500000
102 38 -1.000000
102 39 -1.000000
102 96 0.500000
103 40 -1.000000
103 43 -1.000000
103 110 0.500000
104 41 -1.000000
104 49 -1.000000
104 105 0.500000
104 119 0.500000
104 126 0.500000
105 41 -1.000000
105 51 -1.000000
105 104 0.500000
105 119 0.500000
105 126 0.500000
106 40 -1.000000
106 41 -1.000000
106 99 0.500000
107 42 -1.000000
107 45 -1.000000
107 114 0.500000
108 43 -1.000000
108 51 -1.000000
108 109 0.500000
108 123 0.500000
108 130 0.500000
109 43 -1.000000
109 53 -1.000000
109 108 0.500000
109 123 0.500000
109 130 0.500000
110 42 -1.000000
110 43 -1.000000
110 103 0.500000
111 44 -1.000000
111 46 -1.000000
112 45 -1.000000
112 53 -1.000000
112 113 0.500000
112 127 0.500000
112 134 0.500000
113 45 -1.000000
113 55 -1.000000
113 112 0.500000
113 127 0.500000
113 134 0.500000
114 44 -1.000000
114 45 -1.000000
114 107 0.500000
115 46 -1.000000
115 55 -1.000000
115 131 0.500000
116 47 -1.000000
116 50 -1.000000
116 100 0.500000
116 101 0.500000
116 122 0.500000
117 48 -1.000000
117 58 -1.000000
117 138 0.500000
118 47 -1.000000
118 48 -1.000000
118 97 0.500000
119 49 -1.000000
119 52 -1.000000
119 104 0.500000
119 105 0.500000
119 126 0.500000
120 50 -1.000000
120 58 -1.000000
120 121 0.500000
120 136 0.500000
120 142 0.500000
121 50 -1.000000
121 60 -1.000000
121 120 0.500000
121 136 0.500000
121 142 0.500000
122 49 -1.000000
122 50 -1.000000
122 100 0.500000
122 101 0.500000
122 116 0.500000
123 51 -1.000000
123 54 -1.000000
123 108 0.500000
123 109 0.500000
123 130 0.500000
124 52 -1.000000
124 60 -1.000000
124 125 0.500000
124 139 0.500000
124 146 0.500000
125 52 -1.000000
125 62 -1.000000
125 124 0.500000
125 139 0.500000
125 146 0.500000
126 51 -1.000000
126 52 -1.000000
126 104 0.500000
126 105 0.500000
126 119 0.500000
127 53 -1.000000
127 56 -1.000000
127 112 0.500000
127 113 0.500000
127 134 0.500000
128 54 -1.000000
128 62 -1.000000
128 129 0.500000
128 143 0.500000
128 150 0.500000
129 54 -1.000000
129 64 -1.000000
129 128 0.500000
129 143 0.500000
129 150 0.500000
130 53 -1.000000
130 54 -1.000000
130 108 0.500000
130 109 0.500000
130 123 0.500000
131 55 -1.000000
131 57 -1.000000
131 115 0.500000
132 56 -1.000000
132 64 -1.000000
132 133 0.500000
132 147 0.500000
132 154 0.500000
133 56 -1.000000
133 66 -1.000000
133 132 0.500000
133 147 0.500000
133 154 0.500000
134 55 -1.000000
134 56 -1.000000
134 112 0.500000
134 113 0.500000
134 127 0.500000
135 57 -1.000000
135 66 -1.000000
135 151 0.500000
136 58 -1.000000
136 61 -1.000000
136 120 0.500000
136 121 0.500000
136 142 0.500000
137 59 -1.000000
137 69 -1.000000
137 158 0.500000
138 58 -1.000000
138 59 -1.000000
138 117 0.500000
139 60 -1.000000
139 63 -1.000000
139 124 0.500000
139 125 0.500000
139 146 0.500000
140 61 -1.000000
140 69 -1.000000
140 141 0.500000
140 156 0.500000
140 162 0.500000
141 61 -1.000000
141 71 -1.000000
141 140 0.500000
141 156 0.500000
141 162 0.500000
142 60 -1.000000
142 61 -1.000000
142 120 0.500000
142 121 0.500000
142 136 0.500000
143 62 -1.000000
143 65 -1.000000
143 128 0.500000
143 129 0.500000
143 150 0.500000
144 63 -1.000000
144 71 -1.000000
144 145 0.500000
144 159 0.500000
144 166 0.500000
145 63 -1.000000
145 73 -1.000000
145 144 0.500000
145 159 0.500000
145 166 0.500000
146 62 -1.000000
146 63 -1.000000
146 124 0.500000
146 125 0.500000
146 139 0.500000
147 64 -1.000000
147 67 -1.000000
147 132 0.500000
147 133 0.500000
147 154 0.500000
148 65 -1.000000
148 73 -1.000000
148 149 0.500000
148 163 0.500000
148 170 0.500000
149 65 -1.000000
149 75 -1.000000
149 148 0.500000
149 163 0.500000
149 170 0.500000
150 64 -1.000000
150 65 -1.000000
150 128 0.500000
150 129 0.500000
150 143 0.500000
151 66 -1.000000
151 68 -1.000000
151 135 0.500000
152 67 -1.000000
152 75 -1.000000
152 153 0.500000
152 167 0.500000
152 174 0.500000
153 67 -1.000000
153 77 -1.000000
153 152 0.500000
153 167 0.500000
153 174 0.500000
154 66 -1.000000
154 67 -1.000000
154 132 0.500000
154 133 0.500000
154 147 0.500000
155 68 -1.000000
155 77 -1.000000
155 171 0.500000
156 69 -1.000000
156 72 -1.000000
156 140 0.500000
156 141 0.500000
156 162 0.500000
157 70 -1.000000
157 80 -1.000000
157 178 0.500000
158 69 -1.000000
158 70 -1.000000
158 137 0.500000
159 71 -1.000000
159 74 -1.000000
159 144 0.500000
159 145 0.500000
159 166 0.500000
160 72 -1.000000
160 80 -1.000000
160 161 0.500000
160 176 0.500000
160 182 0.500000
161 72 -1.000000
161 82 -1.000000
161 160 0.500000
161 176 0.500000
161 182 0.500000
162 71 -1.000000
162 72 -1.000000
162 140 0.500000
162 141 0.500000
162 156 0.500000
163 73 -1.000000
163 76 -1.000000
163 148 0.500000
163 149 0.500000
163 170 0.500000
164 74 -1.000000
164 82 -1.000000
164 165 0.500000
164 179 0.500000
164 186 0.500000
165 74 -1.000000
165 84 -1.000000
165 164 0.500000
165 179 0.500000
165 186 0.500000
166 73 -1.000000
166 74 -1.000000
166 144 0.500000
166 145 0.500000
166 159 0.500000
167 75 -1.000000
167 78 -1.000000
167 152 0.500000
167 153 0.500000
167 174 0.500000
168 76 -1.000000
168 84 -1.000000
168 169 0.500000
168 183 0.500000
168 190 0.500000
169 76 -1.000000
169 86 -1.000000
169 168 0.500000
169 183 0.500000
169 190 0.500000
170 75 -1.000000
170 76 -1.000000
170 148 0.500000
170 149 0.500000
170 163 0.500000
171 77 -1.000000
171 79 -1.000000
171 155 0.500000
172 78 -1.000000
172 86 -1.000000
172 173 0.500000
172 187 0.500000
172 194 0.500000
173 78 -1.000000
173 88 -1.000000
173 172 0.500000
173 187 0.500000
173 194 0.500000
174 77 -1.000000
174 78 -1.000000
174 152 0.500000
174 153 0.500000
174 167 0.500000
175 79 -1.000000
175 88 -1.000000
175 191 0.500000
176 80 -1.000000
176 83 -1.000000
176 160 0.500000
176 161 0.500000
176 182 0.500000
177 81 -1.000000
177 91 -1.000000
178 80 -1.000000
178 81 -1.000000
178 157 0.500000
179 82 -1.000000
179 85 -1.000000
179 164 0.500000
179 165 0.500000
179 186 0.500000
180 83 -1.000000
180 91 -1.000000
180 181 0.500000
181 83 -1.000000
181 92 -1.000000
181 180 0.500000
182 82 -1.000000
182 83 -1.000000
182 160 0.500000
182 161 0.500000
182 176 0.500000
183 84 -1.000000
183 87 -1.000000
183 168 0.500000
183 169 0.500000
183 190 0.500000
184 85 -1.000000
184 92 -1.000000
184 185 0.500000
185 85 -1.000000
185 93 -1.000000
185 184 0.500000
186 84 -1.000000
186 85 -1.000000
186 164 0.500000
186 165 0.500000
186 179 0.500000
187 86 -1.000000
187 89 -1.000000
187 172 0.500000
187 173 0.500000
187 194 0.500000
188 87 -1.000000
188 93 -1.000000
188 189 0.500000
189 87 -1.000000
189 94 -1.000000
189 188 0.500000
190 86 -1.000000
190 87 -1.000000
190 168 0.500000
190 169 0.500000
190 183 0.500000
191 88 -1.000000
191 90 -1.000000
191 175 0.500000
192 89 -1.000000
192 94 -1.000000
192 193 0.500000
193 89 -1.000000
193 95 -1.000000
193 192 0.500000
194 88 -1.000000
194 89 -1.000000
194 172 0.500000
194 173 0.500000
194 187 0.500000
195 90 -1.000000
195 95 -1.000000
