# additive constant
281.000000
#  129 local fields
0 -13.000000
1 -13.250000
2 -13.250000
3 -13.250000
4 -13.000000
5 -13.250000
6 -13.500000
7 -13.500000
8 -13.500000
9 -13.250000
10 -13.250000
11 -13.500000
12 -13.500000
13 -13.500000
14 -13.250000
15 -13.250000
16 -13.500000
17 -13.500000
18 -13.500000
19 -13.250000
20 -13.000000
21 -13.250000
22 -13.250000
23 -13.250000
24 -13.000000
25 -4.000000
26 -4.000000
27 -4.000000
28 -4.500000
29 -4.000000
30 -4.500000
31 -4.000000
32 -4.500000
33 -4.000000
34 -4.500000
35 -4.000000
36 -4.500000
37 -4.500000
38 -4.500000
39 -4.500000
40 -4.500000
41 -4.500000
42 -4.000000
43 -4.500000
44 -4.000000
45 -4.500000
46 -4.500000
47 -4.500000
48 -4.500000
49 -4.500000
50 -4.500000
51 -4.000000
52 -4.500000
53 -4.000000
54 -4.500000
55 -4.500000
56 -4.500000
57 -4.500000
58 -4.500000
59 -4.500000
60 -4.000000
61 -4.000000
62 -4.000000
63 -4.000000
64 -4.000000
65 1.000000
66 1.000000
67 0.750000
68 1.000000
69 1.500000
70 1.500000
71 1.000000
72 1.000000
73 1.500000
74 1.500000
75 1.000000
76 0.750000
77 1.500000
78 1.500000
79 1.000000
80 1.000000
81 1.500000
82 1.000000
83 1.000000
84 1.500000
85 1.500000
86 1.500000
87 1.500000
88 1.500000
89 1.500000
90 1.500000
91 1.500000
92 1.000000
93 1.500000
94 1.500000
95 1.500000
96 1.000000
97 1.500000
98 1.000000
99 1.000000
100 1.500000
101 1.500000
102 1.500000
103 1.500000
104 1.500000
105 1.500000
106 1.500000
107 1.500000
108 1.000000
109 1.500000
110 1.500000
111 1.500000
112 1.000000
113 1.500000
114 0.750000
115 1.000000
116 1.500000
117 1.000000
118 1.000000
119 1.500000
120 1.500000
121 1.000000
122 1.000000
123 1.500000
124 1.000000
125 1.000000
126 1.000000
127 1.500000
128 0.750000
# non-zero couplings
0 1 0.250000
0 2 0.250000
0 3 0.250000
0 4 0.250000
0 5 0.250000
0 6 0.250000
0 7 0.250000
0 8 0.250000
0 9 0.250000
0 10 0.250000
0 11 0.250000
0 12 0.250000
0 13 0.250000
0 14 0.250000
0 15 0.250000
0 16 0.250000
0 17 0.250000
0 18 0.250000
0 19 0.250000
0 20 0.250000
0 21 0.250000
0 22 0.250000
0 23 0.250000
0 24 0.250000
0 25 -0.125000
0 26 -0.125000
1 0 0.250000
1 2 0.250000
1 3 0.250000
1 4 0.250000
1 5 0.250000
1 6 0.250000
1 7 0.250000
1 8 0.250000
1 9 0.250000
1 10 0.250000
1 11 0.250000
1 12 0.250000
1 13 0.250000
1 14 0.250000
1 15 0.250000
1 16 0.250000
1 17 0.250000
1 18 0.250000
1 19 0.250000
1 20 0.250000
1 21 0.250000
1 22 0.250000
1 23 0.250000
1 24 0.250000
1 25 -0.125000
1 27 -0.125000
1 28 -0.125000
2 0 0.250000
2 1 0.250000
2 3 0.250000
2 4 0.250000
2 5 0.250000
2 6 0.250000
2 7 0.250000
2 8 0.250000
2 9 0.250000
2 10 0.250000
2 11 0.250000
2 12 0.250000
2 13 0.250000
2 14 0.250000
2 15 0.250000
2 16 0.250000
2 17 0.250000
2 18 0.250000
2 19 0.250000
2 20 0.250000
2 21 0.250000
2 22 0.250000
2 23 0.250000
2 24 0.250000
2 27 -0.125000
2 29 -0.125000
2 30 -0.125000
3 0 0.250000
3 1 0.250000
3 2 0.250000
3 4 0.250000
3 5 0.250000
3 6 0.250000
3 7 0.250000
3 8 0.250000
3 9 0.250000
3 10 0.250000
3 11 0.250000
3 12 0.250000
3 13 0.250000
3 14 0.250000
3 15 0.250000
3 16 0.250000
3 17 0.250000
3 18 0.250000
3 19 0.250000
3 20 0.250000
3 21 0.250000
3 22 0.250000
3 23 0.250000
3 24 0.250000
3 29 -0.125000
3 31 -0.125000
3 32 -0.125000
4 0 0.250000
4 1 0.250000
4 2 0.250000
4 3 0.250000
4 5 0.250000
4 6 0.250000
4 7 0.250000
4 8 0.250000
4 9 0.250000
4 10 0.250000
4 11 0.250000
4 12 0.250000
4 13 0.250000
4 14 0.250000
4 15 0.250000
4 16 0.250000
4 17 0.250000
4 18 0.250000
4 19 0.250000
4 20 0.250000
4 21 0.250000
4 22 0.250000
4 23 0.250000
4 24 0.250000
4 31 -0.125000
4 33 -0.125000
5 0 0.250000
5 1 0.250000
5 2 0.250000
5 3 0.250000
5 4 0.250000
5 6 0.250000
5 7 0.250000
5 8 0.250000
5 9 0.250000
5 10 0.250000
5 11 0.250000
5 12 0.250000
5 13 0.250000
5 14 0.250000
5 15 0.250000
5 16 0.250000
5 17 0.250000
5 18 0.250000
5 19 0.250000
5 20 0.250000
5 21 0.250000
5 22 0.250000
5 23 0.250000
5 24 0.250000
5 26 -0.125000
5 34 -0.125000
5 35 -0.125000
6 0 0.250000
6 1 0.250000
6 2 0.250000
6 3 0.250000
6 4 0.250000
6 5 0.250000
6 7 0.250000
6 8 0.250000
6 9 0.250000
6 10 0.250000
6 11 0.250000
6 12 0.250000
6 13 0.250000
6 14 0.250000
6 15 0.250000
6 16 0.250000
6 17 0.250000
6 18 0.250000
6 19 0.250000
6 20 0.250000
6 21 0.250000
6 22 0.250000
6 23 0.250000
6 24 0.250000
6 28 -0.125000
6 34 -0.125000
6 36 -0.125000
6 37 -0.125000
7 0 0.250000
7 1 0.250000
7 2 0.250000
7 3 0.250000
7 4 0.250000
7 5 0.250000
7 6 0.250000
7 8 0.250000
7 9 0.250000
7 10 0.250000
7 11 0.250000
7 12 0.250000
7 13 0.250000
7 14 0.250000
7 15 0.250000
7 16 0.250000
7 17 0.250000
7 18 0.250000
7 19 0.250000
7 20 0.250000
7 21 0.250000
7 22 0.250000
7 23 0.250000
7 24 0.250000
7 30 -0.125000
7 36 -0.125000
7 38 -0.125000
7 39 -0.125000
8 0 0.250000
8 1 0.250000
8 2 0.250000
8 3 0.250000
8 4 0.250000
8 5 0.250000
8 6 0.250000
8 7 0.250000
8 9 0.250000
8 10 0.250000
8 11 0.250000
8 12 0.250000
8 13 0.250000
8 14 0.250000
8 15 0.250000
8 16 0.250000
8 17 0.250000
8 18 0.250000
8 19 0.250000
8 20 0.250000
8 21 0.250000
8 22 0.250000
8 23 0.250000
8 24 0.250000
8 32 -0.125000
8 38 -0.125000
8 40 -0.125000
8 41 -0.125000
9 0 0.250000
9 1 0.250000
9 2 0.250000
9 3 0.250000
9 4 0.250000
9 5 0.250000
9 6 0.250000
9 7 0.250000
9 8 0.250000
9 10 0.250000
9 11 0.250000
9 12 0.250000
9 13 0.250000
9 14 0.250000
9 15 0.250000
9 16 0.250000
9 17 0.250000
9 18 0.250000
9 19 0.250000
9 20 0.250000
9 21 0.250000
9 22 0.250000
9 23 0.250000
9 24 0.250000
9 33 -0.125000
9 40 -0.125000
9 42 -0.125000
10 0 0.250000
10 1 0.250000
10 2 0.250000
10 3 0.250000
10 4 0.250000
10 5 0.250000
10 6 0.250000
10 7 0.250000
10 8 0.250000
10 9 0.250000
10 11 0.250000
10 12 0.250000
10 13 0.250000
10 14 0.250000
10 15 0.250000
10 16 0.250000
10 17 0.250000
10 18 0.250000
10 19 0.250000
10 20 0.250000
10 21 0.250000
10 22 0.250000
10 23 0.250000
10 24 0.250000
10 35 -0.125000
10 43 -0.125000
10 44 -0.125000
11 0 0.250000
11 1 0.250000
11 2 0.250000
11 3 0.250000
11 4 0.250000
11 5 0.250000
11 6 0.250000
11 7 0.250000
11 8 0.250000
11 9 0.250000
11 10 0.250000
11 12 0.250000
11 13 0.250000
11 14 0.250000
11 15 0.250000
11 16 0.250000
11 17 0.250000
11 18 0.250000
11 19 0.250000
11 20 0.250000
11 21 0.250000
11 22 0.250000
11 23 0.250000
11 24 0.250000
11 37 -0.125000
11 43 -0.125000
11 45 -0.125000
11 46 -0.125000
12 0 0.250000
12 1 0.250000
12 2 0.250000
12 3 0.250000
12 4 0.250000
12 5 0.250000
12 6 0.250000
12 7 0.250000
12 8 0.250000
12 9 0.250000
12 10 0.250000
12 11 0.250000
12 13 0.250000
12 14 0.250000
12 15 0.250000
12 16 0.250000
12 17 0.250000
12 18 0.250000
12 19 0.250000
12 20 0.250000
12 21 0.250000
12 22 0.250000
12 23 0.250000
12 24 0.250000
12 39 -0.125000
12 45 -0.125000
12 47 -0.125000
12 48 -0.125000
13 0 0.250000
13 1 0.250000
13 2 0.250000
13 3 0.250000
13 4 0.250000
13 5 0.250000
13 6 0.250000
13 7 0.250000
13 8 0.250000
13 9 0.250000
13 10 0.250000
13 11 0.250000
13 12 0.250000
13 14 0.250000
13 15 0.250000
13 16 0.250000
13 17 0.250000
13 18 0.250000
13 19 0.250000
13 20 0.250000
13 21 0.250000
13 22 0.250000
13 23 0.250000
13 24 0.250000
13 41 -0.125000
13 47 -0.125000
13 49 -0.125000
13 50 -0.125000
14 0 0.250000
14 1 0.250000
14 2 0.250000
14 3 0.250000
14 4 0.250000
14 5 0.250000
14 6 0.250000
14 7 0.250000
14 8 0.250000
14 9 0.250000
14 10 0.250000
14 11 0.250000
14 12 0.250000
14 13 0.250000
14 15 0.250000
14 16 0.250000
14 17 0.250000
14 18 0.250000
14 19 0.250000
14 20 0.250000
14 21 0.250000
14 22 0.250000
14 23 0.250000
14 24 0.250000
14 42 -0.125000
14 49 -0.125000
14 51 -0.125000
15 0 0.250000
15 1 0.250000
15 2 0.250000
15 3 0.250000
15 4 0.250000
15 5 0.250000
15 6 0.250000
15 7 0.250000
15 8 0.250000
15 9 0.250000
15 10 0.250000
15 11 0.250000
15 12 0.250000
15 13 0.250000
15 14 0.250000
15 16 0.250000
15 17 0.250000
15 18 0.250000
15 19 0.250000
15 20 0.250000
15 21 0.250000
15 22 0.250000
15 23 0.250000
15 24 0.250000
15 44 -0.125000
15 52 -0.125000
15 53 -0.125000
16 0 0.250000
16 1 0.250000
16 2 0.250000
16 3 0.250000
16 4 0.250000
16 5 0.250000
16 6 0.250000
16 7 0.250000
16 8 0.250000
16 9 0.250000
16 10 0.250000
16 11 0.250000
16 12 0.250000
16 13 0.250000
16 14 0.250000
16 15 0.250000
16 17 0.250000
16 18 0.250000
16 19 0.250000
16 20 0.250000
16 21 0.250000
16 22 0.250000
16 23 0.250000
16 24 0.250000
16 46 -0.125000
16 52 -0.125000
16 54 -0.125000
16 55 -0.125000
17 0 0.250000
17 1 0.250000
17 2 0.250000
17 3 0.250000
17 4 0.250000
17 5 0.250000
17 6 0.250000
17 7 0.250000
17 8 0.250000
17 9 0.250000
17 10 0.250000
17 11 0.250000
17 12 0.250000
17 13 0.250000
17 14 0.250000
17 15 0.250000
17 16 0.250000
17 18 0.250000
17 19 0.250000
17 20 0.250000
17 21 0.250000
17 22 0.250000
17 23 0.250000
17 24 0.250000
17 48 -0.125000
17 54 -0.125000
17 56 -0.125000
17 57 -0.125000
18 0 0.250000
18 1 0.250000
18 2 0.250000
18 3 0.250000
18 4 0.250000
18 5 0.250000
18 6 0.250000
18 7 0.250000
18 8 0.250000
18 9 0.250000
18 10 0.250000
18 11 0.250000
18 12 0.250000
18 13 0.250000
18 14 0.250000
18 15 0.250000
18 16 0.250000
18 17 0.250000
18 19 0.250000
18 20 0.250000
18 21 0.250000
18 22 0.250000
18 23 0.250000
18 24 0.250000
18 50 -0.125000
18 56 -0.125000
18 58 -0.125000
18 59 -0.125000
19 0 0.250000
19 1 0.250000
19 2 0.250000
19 3 0.250000
19 4 0.250000
19 5 0.250000
19 6 0.250000
19 7 0.250000
19 8 0.250000
19 9 0.250000
19 10 0.250000
19 11 0.250000
19 12 0.250000
19 13 0.250000
19 14 0.250000
19 15 0.250000
19 16 0.250000
19 17 0.250000
19 18 0.250000
19 20 0.250000
19 21 0.250000
19 22 0.250000
19 23 0.250000
19 24 0.250000
19 51 -0.125000
19 58 -0.125000
19 60 -0.125000
20 0 0.250000
20 1 0.250000
20 2 0.250000
20 3 0.250000
20 4 0.250000
20 5 0.250000
20 6 0.250000
20 7 0.250000
20 8 0.250000
20 9 0.250000
20 10 0.250000
20 11 0.250000
20 12 0.250000
20 13 0.250000
20 14 0.250000
20 15 0.250000
20 16 0.250000
20 17 0.250000
20 18 0.250000
20 19 0.250000
20 21 0.250000
20 22 0.250000
20 23 0.250000
20 24 0.250000
20 53 -0.125000
20 61 -0.125000
21 0 0.250000
21 1 0.250000
21 2 0.250000
21 3 0.250000
21 4 0.250000
21 5 0.250000
21 6 0.250000
21 7 0.250000
21 8 0.250000
21 9 0.250000
21 10 0.250000
21 11 0.250000
21 12 0.250000
21 13 0.250000
21 14 0.250000
21 15 0.250000
21 16 0.250000
21 17 0.250000
21 18 0.250000
21 19 0.250000
21 20 0.250000
21 22 0.250000
21 23 0.250000
21 24 0.250000
21 55 -0.125000
21 61 -0.125000
21 62 -0.125000
22 0 0.250000
22 1 0.250000
22 2 0.250000
22 3 0.250000
22 4 0.250000
22 5 0.250000
22 6 0.250000
22 7 0.250000
22 8 0.250000
22 9 0.250000
22 10 0.250000
22 11 0.250000
22 12 0.250000
22 13 0.250000
22 14 0.250000
22 15 0.250000
22 16 0.250000
22 17 0.250000
22 18 0.250000
22 19 0.250000
22 20 0.250000
22 21 0.250000
22 23 0.250000
22 24 0.250000
22 57 -0.125000
22 62 -0.125000
22 63 -0.125000
23 0 0.250000
23 1 0.250000
23 2 0.250000
23 3 0.250000
23 4 0.250000
23 5 0.250000
23 6 0.250000
23 7 0.250000
23 8 0.250000
23 9 0.250000
23 10 0.250000
23 11 0.250000
23 12 0.250000
23 13 0.250000
23 14 0.250000
23 15 0.250000
23 16 0.250000
23 17 0.250000
23 18 0.250000
23 19 0.250000
23 20 0.250000
23 21 0.250000
23 22 0.250000
23 24 0.250000
23 59 -0.125000
23 63 -0.125000
23 64 -0.125000
24 0 0.250000
24 1 0.250000
24 2 0.250000
24 3 0.250000
24 4 0.250000
24 5 0.250000
24 6 0.250000
24 7 0.250000
24 8 0.250000
24 9 0.250000
24 10 0.250000
24 11 0.250000
24 12 0.250000
24 13 0.250000
24 14 0.250000
24 15 0.250000
24 16 0.250000
24 17 0.250000
24 18 0.250000
24 19 0.250000
24 20 0.250000
24 21 0.250000
24 22 0.250000
24 23 0.250000
24 60 -0.125000
24 64 -0.125000
25 0 -0.125000
25 1 -0.125000
25 26 0.375000
25 27 0.250000
25 28 0.375000
25 29 0.250000
25 30 0.250000
25 31 0.250000
25 32 0.250000
25 33 0.250000
25 34 0.250000
25 35 0.250000
25 36 0.250000
25 37 0.250000
25 38 0.250000
25 39 0.250000
25 40 0.250000
25 41 0.250000
25 42 0.250000
25 43 0.250000
25 44 0.250000
25 45 0.250000
25 46 0.250000
25 47 0.250000
25 48 0.250000
25 49 0.250000
25 50 0.250000
25 51 0.250000
25 52 0.250000
25 53 0.250000
25 54 0.250000
25 55 0.250000
25 56 0.250000
25 57 0.250000
25 58 0.250000
25 59 0.250000
25 60 0.250000
25 61 0.250000
25 62 0.250000
25 63 0.250000
25 64 0.250000
25 65 -0.250000
25 67 -0.250000
26 0 -0.125000
26 5 -0.125000
26 25 0.375000
26 27 0.250000
26 28 0.250000
26 29 0.250000
26 30 0.250000
26 31 0.250000
26 32 0.250000
26 33 0.250000
26 34 0.375000
26 35 0.250000
26 36 0.250000
26 37 0.250000
26 38 0.250000
26 39 0.250000
26 40 0.250000
26 41 0.250000
26 42 0.250000
26 43 0.250000
26 44 0.250000
26 45 0.250000
26 46 0.250000
26 47 0.250000
26 48 0.250000
26 49 0.250000
26 50 0.250000
26 51 0.250000
26 52 0.250000
26 53 0.250000
26 54 0.250000
26 55 0.250000
26 56 0.250000
26 57 0.250000
26 58 0.250000
26 59 0.250000
26 60 0.250000
26 61 0.250000
26 62 0.250000
26 63 0.250000
26 64 0.250000
26 66 -0.250000
26 67 -0.250000
27 1 -0.125000
27 2 -0.125000
27 25 0.250000
27 26 0.250000
27 28 0.375000
27 29 0.250000
27 30 0.375000
27 31 0.250000
27 32 0.250000
27 33 0.250000
27 34 0.250000
27 35 0.250000
27 36 0.250000
27 37 0.250000
27 38 0.250000
27 39 0.250000
27 40 0.250000
27 41 0.250000
27 42 0.250000
27 43 0.250000
27 44 0.250000
27 45 0.250000
27 46 0.250000
27 47 0.250000
27 48 0.250000
27 49 0.250000
27 50 0.250000
27 51 0.250000
27 52 0.250000
27 53 0.250000
27 54 0.250000
27 55 0.250000
27 56 0.250000
27 57 0.250000
27 58 0.250000
27 59 0.250000
27 60 0.250000
27 61 0.250000
27 62 0.250000
27 63 0.250000
27 64 0.250000
27 68 -0.250000
27 71 -0.250000
28 1 -0.125000
28 6 -0.125000
28 25 0.375000
28 26 0.250000
28 27 0.375000
28 29 0.250000
28 30 0.250000
28 31 0.250000
28 32 0.250000
28 33 0.250000
28 34 0.375000
28 35 0.250000
28 36 0.375000
28 37 0.250000
28 38 0.250000
28 39 0.250000
28 40 0.250000
28 41 0.250000
28 42 0.250000
28 43 0.250000
28 44 0.250000
28 45 0.250000
28 46 0.250000
28 47 0.250000
28 48 0.250000
28 49 0.250000
28 50 0.250000
28 51 0.250000
28 52 0.250000
28 53 0.250000
28 54 0.250000
28 55 0.250000
28 56 0.250000
28 57 0.250000
28 58 0.250000
28 59 0.250000
28 60 0.250000
28 61 0.250000
28 62 0.250000
28 63 0.250000
28 64 0.250000
28 65 -0.250000
28 69 -0.250000
28 70 -0.250000
28 71 -0.250000
29 2 -0.125000
29 3 -0.125000
29 25 0.250000
29 26 0.250000
29 27 0.250000
29 28 0.250000
29 30 0.375000
29 31 0.250000
29 32 0.375000
29 33 0.250000
29 34 0.250000
29 35 0.250000
29 36 0.250000
29 37 0.250000
29 38 0.250000
29 39 0.250000
29 40 0.250000
29 41 0.250000
29 42 0.250000
29 43 0.250000
29 44 0.250000
29 45 0.250000
29 46 0.250000
29 47 0.250000
29 48 0.250000
29 49 0.250000
29 50 0.250000
29 51 0.250000
29 52 0.250000
29 53 0.250000
29 54 0.250000
29 55 0.250000
29 56 0.250000
29 57 0.250000
29 58 0.250000
29 59 0.250000
29 60 0.250000
29 61 0.250000
29 62 0.250000
29 63 0.250000
29 64 0.250000
29 72 -0.250000
29 75 -0.250000
30 2 -0.125000
30 7 -0.125000
30 25 0.250000
30 26 0.250000
30 27 0.375000
30 28 0.250000
30 29 0.375000
30 31 0.250000
30 32 0.250000
30 33 0.250000
30 34 0.250000
30 35 0.250000
30 36 0.375000
30 37 0.250000
30 38 0.375000
30 39 0.250000
30 40 0.250000
30 41 0.250000
30 42 0.250000
30 43 0.250000
30 44 0.250000
30 45 0.250000
30 46 0.250000
30 47 0.250000
30 48 0.250000
30 49 0.250000
30 50 0.250000
30 51 0.250000
30 52 0.250000
30 53 0.250000
30 54 0.250000
30 55 0.250000
30 56 0.250000
30 57 0.250000
30 58 0.250000
30 59 0.250000
30 60 0.250000
30 61 0.250000
30 62 0.250000
30 63 0.250000
30 64 0.250000
30 68 -0.250000
30 73 -0.250000
30 74 -0.250000
30 75 -0.250000
31 3 -0.125000
31 4 -0.125000
31 25 0.250000
31 26 0.250000
31 27 0.250000
31 28 0.250000
31 29 0.250000
31 30 0.250000
31 32 0.375000
31 33 0.375000
31 34 0.250000
31 35 0.250000
31 36 0.250000
31 37 0.250000
31 38 0.250000
31 39 0.250000
31 40 0.250000
31 41 0.250000
31 42 0.250000
31 43 0.250000
31 44 0.250000
31 45 0.250000
31 46 0.250000
31 47 0.250000
31 48 0.250000
31 49 0.250000
31 50 0.250000
31 51 0.250000
31 52 0.250000
31 53 0.250000
31 54 0.250000
31 55 0.250000
31 56 0.250000
31 57 0.250000
31 58 0.250000
31 59 0.250000
31 60 0.250000
31 61 0.250000
31 62 0.250000
31 63 0.250000
31 64 0.250000
31 76 -0.250000
31 79 -0.250000
32 3 -0.125000
32 8 -0.125000
32 25 0.250000
32 26 0.250000
32 27 0.250000
32 28 0.250000
32 29 0.375000
32 30 0.250000
32 31 0.375000
32 33 0.250000
32 34 0.250000
32 35 0.250000
32 36 0.250000
32 37 0.250000
32 38 0.375000
32 39 0.250000
32 40 0.375000
32 41 0.250000
32 42 0.250000
32 43 0.250000
32 44 0.250000
32 45 0.250000
32 46 0.250000
32 47 0.250000
32 48 0.250000
32 49 0.250000
32 50 0.250000
32 51 0.250000
32 52 0.250000
32 53 0.250000
32 54 0.250000
32 55 0.250000
32 56 0.250000
32 57 0.250000
32 58 0.250000
32 59 0.250000
32 60 0.250000
32 61 0.250000
32 62 0.250000
32 63 0.250000
32 64 0.250000
32 72 -0.250000
32 77 -0.250000
32 78 -0.250000
32 79 -0.250000
33 4 -0.125000
33 9 -0.125000
33 25 0.250000
33 26 0.250000
33 27 0.250000
33 28 0.250000
33 29 0.250000
33 30 0.250000
33 31 0.375000
33 32 0.250000
33 34 0.250000
33 35 0.250000
33 36 0.250000
33 37 0.250000
33 38 0.250000
33 39 0.250000
33 40 0.375000
33 41 0.250000
33 42 0.250000
33 43 0.250000
33 44 0.250000
33 45 0.250000
33 46 0.250000
33 47 0.250000
33 48 0.250000
33 49 0.250000
33 50 0.250000
33 51 0.250000
33 52 0.250000
33 53 0.250000
33 54 0.250000
33 55 0.250000
33 56 0.250000
33 57 0.250000
33 58 0.250000
33 59 0.250000
33 60 0.250000
33 61 0.250000
33 62 0.250000
33 63 0.250000
33 64 0.250000
33 76 -0.250000
33 80 -0.250000
34 5 -0.125000
34 6 -0.125000
34 25 0.250000
34 26 0.375000
34 27 0.250000
34 28 0.375000
34 29 0.250000
34 30 0.250000
34 31 0.250000
34 32 0.250000
34 33 0.250000
34 35 0.375000
34 36 0.250000
34 37 0.375000
34 38 0.250000
34 39 0.250000
34 40 0.250000
34 41 0.250000
34 42 0.250000
34 43 0.250000
34 44 0.250000
34 45 0.250000
34 46 0.250000
34 47 0.250000
34 48 0.250000
34 49 0.250000
34 50 0.250000
34 51 0.250000
34 52 0.250000
34 53 0.250000
34 54 0.250000
34 55 0.250000
34 56 0.250000
34 57 0.250000
34 58 0.250000
34 59 0.250000
34 60 0.250000
34 61 0.250000
34 62 0.250000
34 63 0.250000
34 64 0.250000
34 66 -0.250000
34 69 -0.250000
34 81 -0.250000
34 83 -0.250000
35 5 -0.125000
35 10 -0.125000
35 25 0.250000
35 26 0.250000
35 27 0.250000
35 28 0.250000
35 29 0.250000
35 30 0.250000
35 31 0.250000
35 32 0.250000
35 33 0.250000
35 34 0.375000
35 36 0.250000
35 37 0.250000
35 38 0.250000
35 39 0.250000
35 40 0.250000
35 41 0.250000
35 42 0.250000
35 43 0.375000
35 44 0.250000
35 45 0.250000
35 46 0.250000
35 47 0.250000
35 48 0.250000
35 49 0.250000
35 50 0.250000
35 51 0.250000
35 52 0.250000
35 53 0.250000
35 54 0.250000
35 55 0.250000
35 56 0.250000
35 57 0.250000
35 58 0.250000
35 59 0.250000
35 60 0.250000
35 61 0.250000
35 62 0.250000
35 63 0.250000
35 64 0.250000
35 82 -0.250000
35 83 -0.250000
36 6 -0.125000
36 7 -0.125000
36 25 0.250000
36 26 0.250000
36 27 0.250000
36 28 0.375000
36 29 0.250000
36 30 0.375000
36 31 0.250000
36 32 0.250000
36 33 0.250000
36 34 0.250000
36 35 0.250000
36 37 0.375000
36 38 0.250000
36 39 0.375000
36 40 0.250000
36 41 0.250000
36 42 0.250000
36 43 0.250000
36 44 0.250000
36 45 0.250000
36 46 0.250000
36 47 0.250000
36 48 0.250000
36 49 0.250000
36 50 0.250000
36 51 0.250000
36 52 0.250000
36 53 0.250000
36 54 0.250000
36 55 0.250000
36 56 0.250000
36 57 0.250000
36 58 0.250000
36 59 0.250000
36 60 0.250000
36 61 0.250000
36 62 0.250000
36 63 0.250000
36 64 0.250000
36 70 -0.250000
36 73 -0.250000
36 84 -0.250000
36 87 -0.250000
37 6 -0.125000
37 11 -0.125000
37 25 0.250000
37 26 0.250000
37 27 0.250000
37 28 0.250000
37 29 0.250000
37 30 0.250000
37 31 0.250000
37 32 0.250000
37 33 0.250000
37 34 0.375000
37 35 0.250000
37 36 0.375000
37 38 0.250000
37 39 0.250000
37 40 0.250000
37 41 0.250000
37 42 0.250000
37 43 0.375000
37 44 0.250000
37 45 0.375000
37 46 0.250000
37 47 0.250000
37 48 0.250000
37 49 0.250000
37 50 0.250000
37 51 0.250000
37 52 0.250000
37 53 0.250000
37 54 0.250000
37 55 0.250000
37 56 0.250000
37 57 0.250000
37 58 0.250000
37 59 0.250000
37 60 0.250000
37 61 0.250000
37 62 0.250000
37 63 0.250000
37 64 0.250000
37 81 -0.250000
37 85 -0.250000
37 86 -0.250000
37 87 -0.250000
38 7 -0.125000
38 8 -0.125000
38 25 0.250000
38 26 0.250000
38 27 0.250000
38 28 0.250000
38 29 0.250000
38 30 0.375000
38 31 0.250000
38 32 0.375000
38 33 0.250000
38 34 0.250000
38 35 0.250000
38 36 0.250000
38 37 0.250000
38 39 0.375000
38 40 0.250000
38 41 0.375000
38 42 0.250000
38 43 0.250000
38 44 0.250000
38 45 0.250000
38 46 0.250000
38 47 0.250000
38 48 0.250000
38 49 0.250000
38 50 0.250000
38 51 0.250000
38 52 0.250000
38 53 0.250000
38 54 0.250000
38 55 0.250000
38 56 0.250000
38 57 0.250000
38 58 0.250000
38 59 0.250000
38 60 0.250000
38 61 0.250000
38 62 0.250000
38 63 0.250000
38 64 0.250000
38 74 -0.250000
38 77 -0.250000
38 88 -0.250000
38 91 -0.250000
39 7 -0.125000
39 12 -0.125000
39 25 0.250000
39 26 0.250000
39 27 0.250000
39 28 0.250000
39 29 0.250000
39 30 0.250000
39 31 0.250000
39 32 0.250000
39 33 0.250000
39 34 0.250000
39 35 0.250000
39 36 0.375000
39 37 0.250000
39 38 0.375000
39 40 0.250000
39 41 0.250000
39 42 0.250000
39 43 0.250000
39 44 0.250000
39 45 0.375000
39 46 0.250000
39 47 0.375000
39 48 0.250000
39 49 0.250000
39 50 0.250000
39 51 0.250000
39 52 0.250000
39 53 0.250000
39 54 0.250000
39 55 0.250000
39 56 0.250000
39 57 0.250000
39 58 0.250000
39 59 0.250000
39 60 0.250000
39 61 0.250000
39 62 0.250000
39 63 0.250000
39 64 0.250000
39 84 -0.250000
39 89 -0.250000
39 90 -0.250000
39 91 -0.250000
40 8 -0.125000
40 9 -0.125000
40 25 0.250000
40 26 0.250000
40 27 0.250000
40 28 0.250000
40 29 0.250000
40 30 0.250000
40 31 0.250000
40 32 0.375000
40 33 0.375000
40 34 0.250000
40 35 0.250000
40 36 0.250000
40 37 0.250000
40 38 0.250000
40 39 0.250000
40 41 0.375000
40 42 0.375000
40 43 0.250000
40 44 0.250000
40 45 0.250000
40 46 0.250000
40 47 0.250000
40 48 0.250000
40 49 0.250000
40 50 0.250000
40 51 0.250000
40 52 0.250000
40 53 0.250000
40 54 0.250000
40 55 0.250000
40 56 0.250000
40 57 0.250000
40 58 0.250000
40 59 0.250000
40 60 0.250000
40 61 0.250000
40 62 0.250000
40 63 0.250000
40 64 0.250000
40 78 -0.250000
40 80 -0.250000
40 92 -0.250000
40 95 -0.250000
41 8 -0.125000
41 13 -0.125000
41 25 0.250000
41 26 0.250000
41 27 0.250000
41 28 0.250000
41 29 0.250000
41 30 0.250000
41 31 0.250000
41 32 0.250000
41 33 0.250000
41 34 0.250000
41 35 0.250000
41 36 0.250000
41 37 0.250000
41 38 0.375000
41 39 0.250000
41 40 0.375000
41 42 0.250000
41 43 0.250000
41 44 0.250000
41 45 0.250000
41 46 0.250000
41 47 0.375000
41 48 0.250000
41 49 0.375000
41 50 0.250000
41 51 0.250000
41 52 0.250000
41 53 0.250000
41 54 0.250000
41 55 0.250000
41 56 0.250000
41 57 0.250000
41 58 0.250000
41 59 0.250000
41 60 0.250000
41 61 0.250000
41 62 0.250000
41 63 0.250000
41 64 0.250000
41 88 -0.250000
41 93 -0.250000
41 94 -0.250000
41 95 -0.250000
42 9 -0.125000
42 14 -0.125000
42 25 0.250000
42 26 0.250000
42 27 0.250000
42 28 0.250000
42 29 0.250000
42 30 0.250000
42 31 0.250000
42 32 0.250000
42 33 0.250000
42 34 0.250000
42 35 0.250000
42 36 0.250000
42 37 0.250000
42 38 0.250000
42 39 0.250000
42 40 0.375000
42 41 0.250000
42 43 0.250000
42 44 0.250000
42 45 0.250000
42 46 0.250000
42 47 0.250000
42 48 0.250000
42 49 0.375000
42 50 0.250000
42 51 0.250000
42 52 0.250000
42 53 0.250000
42 54 0.250000
42 55 0.250000
42 56 0.250000
42 57 0.250000
42 58 0.250000
42 59 0.250000
42 60 0.250000
42 61 0.250000
42 62 0.250000
42 63 0.250000
42 64 0.250000
42 92 -0.250000
42 96 -0.250000
43 10 -0.125000
43 11 -0.125000
43 25 0.250000
43 26 0.250000
43 27 0.250000
43 28 0.250000
43 29 0.250000
43 30 0.250000
43 31 0.250000
43 32 0.250000
43 33 0.250000
43 34 0.250000
43 35 0.375000
43 36 0.250000
43 37 0.375000
43 38 0.250000
43 39 0.250000
43 40 0.250000
43 41 0.250000
43 42 0.250000
43 44 0.375000
43 45 0.250000
43 46 0.375000
43 47 0.250000
43 48 0.250000
43 49 0.250000
43 50 0.250000
43 51 0.250000
43 52 0.250000
43 53 0.250000
43 54 0.250000
43 55 0.250000
43 56 0.250000
43 57 0.250000
43 58 0.250000
43 59 0.250000
43 60 0.250000
43 61 0.250000
43 62 0.250000
43 63 0.250000
43 64 0.250000
43 82 -0.250000
43 85 -0.250000
43 97 -0.250000
43 99 -0.250000
44 10 -0.125000
44 15 -0.125000
44 25 0.250000
44 26 0.250000
44 27 0.250000
44 28 0.250000
44 29 0.250000
44 30 0.250000
44 31 0.250000
44 32 0.250000
44 33 0.250000
44 34 0.250000
44 35 0.250000
44 36 0.250000
44 37 0.250000
44 38 0.250000
44 39 0.250000
44 40 0.250000
44 41 0.250000
44 42 0.250000
44 43 0.375000
44 45 0.250000
44 46 0.250000
44 47 0.250000
44 48 0.250000
44 49 0.250000
44 50 0.250000
44 51 0.250000
44 52 0.375000
44 53 0.250000
44 54 0.250000
44 55 0.250000
44 56 0.250000
44 57 0.250000
44 58 0.250000
44 59 0.250000
44 60 0.250000
44 61 0.250000
44 62 0.250000
44 63 0.250000
44 64 0.250000
44 98 -0.250000
44 99 -0.250000
45 11 -0.125000
45 12 -0.125000
45 25 0.250000
45 26 0.250000
45 27 0.250000
45 28 0.250000
45 29 0.250000
45 30 0.250000
45 31 0.250000
45 32 0.250000
45 33 0.250000
45 34 0.250000
45 35 0.250000
45 36 0.250000
45 37 0.375000
45 38 0.250000
45 39 0.375000
45 40 0.250000
45 41 0.250000
45 42 0.250000
45 43 0.250000
45 44 0.250000
45 46 0.375000
45 47 0.250000
45 48 0.375000
45 49 0.250000
45 50 0.250000
45 51 0.250000
45 52 0.250000
45 53 0.250000
45 54 0.250000
45 55 0.250000
45 56 0.250000
45 57 0.250000
45 58 0.250000
45 59 0.250000
45 60 0.250000
45 61 0.250000
45 62 0.250000
45 63 0.250000
45 64 0.250000
45 86 -0.250000
45 89 -0.250000
45 100 -0.250000
45 103 -0.250000
46 11 -0.125000
46 16 -0.125000
46 25 0.250000
46 26 0.250000
46 27 0.250000
46 28 0.250000
46 29 0.250000
46 30 0.250000
46 31 0.250000
46 32 0.250000
46 33 0.250000
46 34 0.250000
46 35 0.250000
46 36 0.250000
46 37 0.250000
46 38 0.250000
46 39 0.250000
46 40 0.250000
46 41 0.250000
46 42 0.250000
46 43 0.375000
46 44 0.250000
46 45 0.375000
46 47 0.250000
46 48 0.250000
46 49 0.250000
46 50 0.250000
46 51 0.250000
46 52 0.375000
46 53 0.250000
46 54 0.375000
46 55 0.250000
46 56 0.250000
46 57 0.250000
46 58 0.250000
46 59 0.250000
46 60 0.250000
46 61 0.250000
46 62 0.250000
46 63 0.250000
46 64 0.250000
46 97 -0.250000
46 101 -0.250000
46 102 -0.250000
46 103 -0.250000
47 12 -0.125000
47 13 -0.125000
47 25 0.250000
47 26 0.250000
47 27 0.250000
47 28 0.250000
47 29 0.250000
47 30 0.250000
47 31 0.250000
47 32 0.250000
47 33 0.250000
47 34 0.250000
47 35 0.250000
47 36 0.250000
47 37 0.250000
47 38 0.250000
47 39 0.375000
47 40 0.250000
47 41 0.375000
47 42 0.250000
47 43 0.250000
47 44 0.250000
47 45 0.250000
47 46 0.250000
47 48 0.375000
47 49 0.250000
47 50 0.375000
47 51 0.250000
47 52 0.250000
47 53 0.250000
47 54 0.250000
47 55 0.250000
47 56 0.250000
47 57 0.250000
47 58 0.250000
47 59 0.250000
47 60 0.250000
47 61 0.250000
47 62 0.250000
47 63 0.250000
47 64 0.250000
47 90 -0.250000
47 93 -0.250000
47 104 -0.250000
47 107 -0.250000
48 12 -0.125000
48 17 -0.125000
48 25 0.250000
48 26 0.250000
48 27 0.250000
48 28 0.250000
48 29 0.250000
48 30 0.250000
48 31 0.250000
48 32 0.250000
48 33 0.250000
48 34 0.250000
48 35 0.250000
48 36 0.250000
48 37 0.250000
48 38 0.250000
48 39 0.250000
48 40 0.250000
48 41 0.250000
48 42 0.250000
48 43 0.250000
48 44 0.250000
48 45 0.375000
48 46 0.250000
48 47 0.375000
48 49 0.250000
48 50 0.250000
48 51 0.250000
48 52 0.250000
48 53 0.250000
48 54 0.375000
48 55 0.250000
48 56 0.375000
48 57 0.250000
48 58 0.250000
48 59 0.250000
48 60 0.250000
48 61 0.250000
48 62 0.250000
48 63 0.250000
48 64 0.250000
48 100 -0.250000
48 105 -0.250000
48 106 -0.250000
48 107 -0.250000
49 13 -0.125000
49 14 -0.125000
49 25 0.250000
49 26 0.250000
49 27 0.250000
49 28 0.250000
49 29 0.250000
49 30 0.250000
49 31 0.250000
49 32 0.250000
49 33 0.250000
49 34 0.250000
49 35 0.250000
49 36 0.250000
49 37 0.250000
49 38 0.250000
49 39 0.250000
49 40 0.250000
49 41 0.375000
49 42 0.375000
49 43 0.250000
49 44 0.250000
49 45 0.250000
49 46 0.250000
49 47 0.250000
49 48 0.250000
49 50 0.375000
49 51 0.375000
49 52 0.250000
49 53 0.250000
49 54 0.250000
49 55 0.250000
49 56 0.250000
49 57 0.250000
49 58 0.250000
49 59 0.250000
49 60 0.250000
49 61 0.250000
49 62 0.250000
49 63 0.250000
49 64 0.250000
49 94 -0.250000
49 96 -0.250000
49 108 -0.250000
49 111 -0.250000
50 13 -0.125000
50 18 -0.125000
50 25 0.250000
50 26 0.250000
50 27 0.250000
50 28 0.250000
50 29 0.250000
50 30 0.250000
50 31 0.250000
50 32 0.250000
50 33 0.250000
50 34 0.250000
50 35 0.250000
50 36 0.250000
50 37 0.250000
50 38 0.250000
50 39 0.250000
50 40 0.250000
50 41 0.250000
50 42 0.250000
50 43 0.250000
50 44 0.250000
50 45 0.250000
50 46 0.250000
50 47 0.375000
50 48 0.250000
50 49 0.375000
50 51 0.250000
50 52 0.250000
50 53 0.250000
50 54 0.250000
50 55 0.250000
50 56 0.375000
50 57 0.250000
50 58 0.375000
50 59 0.250000
50 60 0.250000
50 61 0.250000
50 62 0.250000
50 63 0.250000
50 64 0.250000
50 104 -0.250000
50 109 -0.250000
50 110 -0.250000
50 111 -0.250000
51 14 -0.125000
51 19 -0.125000
51 25 0.250000
51 26 0.250000
51 27 0.250000
51 28 0.250000
51 29 0.250000
51 30 0.250000
51 31 0.250000
51 32 0.250000
51 33 0.250000
51 34 0.250000
51 35 0.250000
51 36 0.250000
51 37 0.250000
51 38 0.250000
51 39 0.250000
51 40 0.250000
51 41 0.250000
51 42 0.250000
51 43 0.250000
51 44 0.250000
51 45 0.250000
51 46 0.250000
51 47 0.250000
51 48 0.250000
51 49 0.375000
51 50 0.250000
51 52 0.250000
51 53 0.250000
51 54 0.250000
51 55 0.250000
51 56 0.250000
51 57 0.250000
51 58 0.375000
51 59 0.250000
51 60 0.250000
51 61 0.250000
51 62 0.250000
51 63 0.250000
51 64 0.250000
51 108 -0.250000
51 112 -0.250000
52 15 -0.125000
52 16 -0.125000
52 25 0.250000
52 26 0.250000
52 27 0.250000
52 28 0.250000
52 29 0.250000
52 30 0.250000
52 31 0.250000
52 32 0.250000
52 33 0.250000
52 34 0.250000
52 35 0.250000
52 36 0.250000
52 37 0.250000
52 38 0.250000
52 39 0.250000
52 40 0.250000
52 41 0.250000
52 42 0.250000
52 43 0.250000
52 44 0.375000
52 45 0.250000
52 46 0.375000
52 47 0.250000
52 48 0.250000
52 49 0.250000
52 50 0.250000
52 51 0.250000
52 53 0.375000
52 54 0.250000
52 55 0.375000
52 56 0.250000
52 57 0.250000
52 58 0.250000
52 59 0.250000
52 60 0.250000
52 61 0.250000
52 62 0.250000
52 63 0.250000
52 64 0.250000
52 98 -0.250000
52 101 -0.250000
52 113 -0.250000
52 115 -0.250000
53 15 -0.125000
53 20 -0.125000
53 25 0.250000
53 26 0.250000
53 27 0.250000
53 28 0.250000
53 29 0.250000
53 30 0.250000
53 31 0.250000
53 32 0.250000
53 33 0.250000
53 34 0.250000
53 35 0.250000
53 36 0.250000
53 37 0.250000
53 38 0.250000
53 39 0.250000
53 40 0.250000
53 41 0.250000
53 42 0.250000
53 43 0.250000
53 44 0.250000
53 45 0.250000
53 46 0.250000
53 47 0.250000
53 48 0.250000
53 49 0.250000
53 50 0.250000
53 51 0.250000
53 52 0.375000
53 54 0.250000
53 55 0.250000
53 56 0.250000
53 57 0.250000
53 58 0.250000
53 59 0.250000
53 60 0.250000
53 61 0.375000
53 62 0.250000
53 63 0.250000
53 64 0.250000
53 114 -0.250000
53 115 -0.250000
54 16 -0.125000
54 17 -0.125000
54 25 0.250000
54 26 0.250000
54 27 0.250000
54 28 0.250000
54 29 0.250000
54 30 0.250000
54 31 0.250000
54 32 0.250000
54 33 0.250000
54 34 0.250000
54 35 0.250000
54 36 0.250000
54 37 0.250000
54 38 0.250000
54 39 0.250000
54 40 0.250000
54 41 0.250000
54 42 0.250000
54 43 0.250000
54 44 0.250000
54 45 0.250000
54 46 0.375000
54 47 0.250000
54 48 0.375000
54 49 0.250000
54 50 0.250000
54 51 0.250000
54 52 0.250000
54 53 0.250000
54 55 0.375000
54 56 0.250000
54 57 0.375000
54 58 0.250000
54 59 0.250000
54 60 0.250000
54 61 0.250000
54 62 0.250000
54 63 0.250000
54 64 0.250000
54 102 -0.250000
54 105 -0.250000
54 116 -0.250000
54 119 -0.250000
55 16 -0.125000
55 21 -0.125000
55 25 0.250000
55 26 0.250000
55 27 0.250000
55 28 0.250000
55 29 0.250000
55 30 0.250000
55 31 0.250000
55 32 0.250000
55 33 0.250000
55 34 0.250000
55 35 0.250000
55 36 0.250000
55 37 0.250000
55 38 0.250000
55 39 0.250000
55 40 0.250000
55 41 0.250000
55 42 0.250000
55 43 0.250000
55 44 0.250000
55 45 0.250000
55 46 0.250000
55 47 0.250000
55 48 0.250000
55 49 0.250000
55 50 0.250000
55 51 0.250000
55 52 0.375000
55 53 0.250000
55 54 0.375000
55 56 0.250000
55 57 0.250000
55 58 0.250000
55 59 0.250000
55 60 0.250000
55 61 0.375000
55 62 0.375000
55 63 0.250000
55 64 0.250000
55 113 -0.250000
55 117 -0.250000
55 118 -0.250000
55 119 -0.250000
56 17 -0.125000
56 18 -0.125000
56 25 0.250000
56 26 0.250000
56 27 0.250000
56 28 0.250000
56 29 0.250000
56 30 0.250000
56 31 0.250000
56 32 0.250000
56 33 0.250000
56 34 0.250000
56 35 0.250000
56 36 0.250000
56 37 0.250000
56 38 0.250000
56 39 0.250000
56 40 0.250000
56 41 0.250000
56 42 0.250000
56 43 0.250000
56 44 0.250000
56 45 0.250000
56 46 0.250000
56 47 0.250000
56 48 0.375000
56 49 0.250000
56 50 0.375000
56 51 0.250000
56 52 0.250000
56 53 0.250000
56 54 0.250000
56 55 0.250000
56 57 0.375000
56 58 0.250000
56 59 0.375000
56 60 0.250000
56 61 0.250000
56 62 0.250000
56 63 0.250000
56 64 0.250000
56 106 -0.250000
56 109 -0.250000
56 120 -0.250000
56 123 -0.250000
57 17 -0.125000
57 22 -0.125000
57 25 0.250000
57 26 0.250000
57 27 0.250000
57 28 0.250000
57 29 0.250000
57 30 0.250000
57 31 0.250000
57 32 0.250000
57 33 0.250000
57 34 0.250000
57 35 0.250000
57 36 0.250000
57 37 0.250000
57 38 0.250000
57 39 0.250000
57 40 0.250000
57 41 0.250000
57 42 0.250000
57 43 0.250000
57 44 0.250000
57 45 0.250000
57 46 0.250000
57 47 0.250000
57 48 0.250000
57 49 0.250000
57 50 0.250000
57 51 0.250000
57 52 0.250000
57 53 0.250000
57 54 0.375000
57 55 0.250000
57 56 0.375000
57 58 0.250000
57 59 0.250000
57 60 0.250000
57 61 0.250000
57 62 0.375000
57 63 0.375000
57 64 0.250000
57 116 -0.250000
57 121 -0.250000
57 122 -0.250000
57 123 -0.250000
58 18 -0.125000
58 19 -0.125000
58 25 0.250000
58 26 0.250000
58 27 0.250000
58 28 0.250000
58 29 0.250000
58 30 0.250000
58 31 0.250000
58 32 0.250000
58 33 0.250000
58 34 0.250000
58 35 0.250000
58 36 0.250000
58 37 0.250000
58 38 0.250000
58 39 0.250000
58 40 0.250000
58 41 0.250000
58 42 0.250000
58 43 0.250000
58 44 0.250000
58 45 0.250000
58 46 0.250000
58 47 0.250000
58 48 0.250000
58 49 0.250000
58 50 0.375000
58 51 0.375000
58 52 0.250000
58 53 0.250000
58 54 0.250000
58 55 0.250000
58 56 0.250000
58 57 0.250000
58 59 0.375000
58 60 0.375000
58 61 0.250000
58 62 0.250000
58 63 0.250000
58 64 0.250000
58 110 -0.250000
58 112 -0.250000
58 124 -0.250000
58 127 -0.250000
59 18 -0.125000
59 23 -0.125000
59 25 0.250000
59 26 0.250000
59 27 0.250000
59 28 0.250000
59 29 0.250000
59 30 0.250000
59 31 0.250000
59 32 0.250000
59 33 0.250000
59 34 0.250000
59 35 0.250000
59 36 0.250000
59 37 0.250000
59 38 0.250000
59 39 0.250000
59 40 0.250000
59 41 0.250000
59 42 0.250000
59 43 0.250000
59 44 0.250000
59 45 0.250000
59 46 0.250000
59 47 0.250000
59 48 0.250000
59 49 0.250000
59 50 0.250000
59 51 0.250000
59 52 0.250000
59 53 0.250000
59 54 0.250000
59 55 0.250000
59 56 0.375000
59 57 0.250000
59 58 0.375000
59 60 0.250000
59 61 0.250000
59 62 0.250000
59 63 0.375000
59 64 0.375000
59 120 -0.250000
59 125 -0.250000
59 126 -0.250000
59 127 -0.250000
60 19 -0.125000
60 24 -0.125000
60 25 0.250000
60 26 0.250000
60 27 0.250000
60 28 0.250000
60 29 0.250000
60 30 0.250000
60 31 0.250000
60 32 0.250000
60 33 0.250000
60 34 0.250000
60 35 0.250000
60 36 0.250000
60 37 0.250000
60 38 0.250000
60 39 0.250000
60 40 0.250000
60 41 0.250000
60 42 0.250000
60 43 0.250000
60 44 0.250000
60 45 0.250000
60 46 0.250000
60 47 0.250000
60 48 0.250000
60 49 0.250000
60 50 0.250000
60 51 0.250000
60 52 0.250000
60 53 0.250000
60 54 0.250000
60 55 0.250000
60 56 0.250000
60 57 0.250000
60 58 0.375000
60 59 0.250000
60 61 0.250000
60 62 0.250000
60 63 0.250000
60 64 0.375000
60 124 -0.250000
60 128 -0.250000
61 20 -0.125000
61 21 -0.125000
61 25 0.250000
61 26 0.250000
61 27 0.250000
61 28 0.250000
61 29 0.250000
61 30 0.250000
61 31 0.250000
61 32 0.250000
61 33 0.250000
61 34 0.250000
61 35 0.250000
61 36 0.250000
61 37 0.250000
61 38 0.250000
61 39 0.250000
61 40 0.250000
61 41 0.250000
61 42 0.250000
61 43 0.250000
61 44 0.250000
61 45 0.250000
61 46 0.250000
61 47 0.250000
61 48 0.250000
61 49 0.250000
61 50 0.250000
61 51 0.250000
61 52 0.250000
61 53 0.375000
61 54 0.250000
61 55 0.375000
61 56 0.250000
61 57 0.250000
61 58 0.250000
61 59 0.250000
61 60 0.250000
61 62 0.250000
61 63 0.250000
61 64 0.250000
61 114 -0.250000
61 117 -0.250000
62 21 -0.125000
62 22 -0.125000
62 25 0.250000
62 26 0.250000
62 27 0.250000
62 28 0.250000
62 29 0.250000
62 30 0.250000
62 31 0.250000
62 32 0.250000
62 33 0.250000
62 34 0.250000
62 35 0.250000
62 36 0.250000
62 37 0.250000
62 38 0.250000
62 39 0.250000
62 40 0.250000
62 41 0.250000
62 42 0.250000
62 43 0.250000
62 44 0.250000
62 45 0.250000
62 46 0.250000
62 47 0.250000
62 48 0.250000
62 49 0.250000
62 50 0.250000
62 51 0.250000
62 52 0.250000
62 53 0.250000
62 54 0.250000
62 55 0.375000
62 56 0.250000
62 57 0.375000
62 58 0.250000
62 59 0.250000
62 60 0.250000
62 61 0.250000
62 63 0.250000
62 64 0.250000
62 118 -0.250000
62 121 -0.250000
63 22 -0.125000
63 23 -0.125000
63 25 0.250000
63 26 0.250000
63 27 0.250000
63 28 0.250000
63 29 0.250000
63 30 0.250000
63 31 0.250000
63 32 0.250000
63 33 0.250000
63 34 0.250000
63 35 0.250000
63 36 0.250000
63 37 0.250000
63 38 0.250000
63 39 0.250000
63 40 0.250000
63 41 0.250000
63 42 0.250000
63 43 0.250000
63 44 0.250000
63 45 0.250000
63 46 0.250000
63 47 0.250000
63 48 0.250000
63 49 0.250000
63 50 0.250000
63 51 0.250000
63 52 0.250000
63 53 0.250000
63 54 0.250000
63 55 0.250000
63 56 0.250000
63 57 0.375000
63 58 0.250000
63 59 0.375000
63 60 0.250000
63 61 0.250000
63 62 0.250000
63 64 0.250000
63 122 -0.250000
63 125 -0.250000
64 23 -0.125000
64 24 -0.125000
64 25 0.250000
64 26 0.250000
64 27 0.250000
64 28 0.250000
64 29 0.250000
64 30 0.250000
64 31 0.250000
64 32 0.250000
64 33 0.250000
64 34 0.250000
64 35 0.250000
64 36 0.250000
64 37 0.250000
64 38 0.250000
64 39 0.250000
64 40 0.250000
64 41 0.250000
64 42 0.250000
64 43 0.250000
64 44 0.250000
64 45 0.250000
64 46 0.250000
64 47 0.250000
64 48 0.250000
64 49 0.250000
64 50 0.250000
64 51 0.250000
64 52 0.250000
64 53 0.250000
64 54 0.250000
64 55 0.250000
64 56 0.250000
64 57 0.250000
64 58 0.250000
64 59 0.375000
64 60 0.375000
64 61 0.250000
64 62 0.250000
64 63 0.250000
64 126 -0.250000
64 128 -0.250000
65 25 -0.250000
65 28 -0.250000
65 66 0.125000
65 71 0.125000
66 26 -0.250000
66 34 -0.250000
66 65 0.125000
66 83 0.125000
67 25 -0.250000
67 26 -0.250000
67 69 0.125000
68 27 -0.250000
68 30 -0.250000
68 70 0.125000
68 75 0.125000
69 28 -0.250000
69 34 -0.250000
69 67 0.125000
69 70 0.125000
69 81 0.125000
69 87 0.125000
70 28 -0.250000
70 36 -0.250000
70 68 0.125000
70 69 0.125000
70 81 0.125000
70 87 0.125000
71 27 -0.250000
71 28 -0.250000
71 65 0.125000
71 73 0.125000
72 29 -0.250000
72 32 -0.250000
72 74 0.125000
72 79 0.125000
73 30 -0.250000
73 36 -0.250000
73 71 0.125000
73 74 0.125000
73 84 0.125000
73 91 0.125000
74 30 -0.250000
74 38 -0.250000
74 72 0.125000
74 73 0.125000
74 84 0.125000
74 91 0.125000
75 29 -0.250000
75 30 -0.250000
75 68 0.125000
75 77 0.125000
76 31 -0.250000
76 33 -0.250000
76 78 0.125000
77 32 -0.250000
77 38 -0.250000
77 75 0.125000
77 78 0.125000
77 88 0.125000
77 95 0.125000
78 32 -0.250000
78 40 -0.250000
78 76 0.125000
78 77 0.125000
78 88 0.125000
78 95 0.125000
79 31 -0.250000
79 32 -0.250000
79 72 0.125000
79 80 0.125000
80 33 -0.250000
80 40 -0.250000
80 79 0.125000
80 92 0.125000
81 34 -0.250000
81 37 -0.250000
81 69 0.125000
81 70 0.125000
81 82 0.125000
81 87 0.125000
82 35 -0.250000
82 43 -0.250000
82 81 0.125000
82 99 0.125000
83 34 -0.250000
83 35 -0.250000
83 66 0.125000
83 85 0.125000
84 36 -0.250000
84 39 -0.250000
84 73 0.125000
84 74 0.125000
84 86 0.125000
84 91 0.125000
85 37 -0.250000
85 43 -0.250000
85 83 0.125000
85 86 0.125000
85 97 0.125000
85 103 0.125000
86 37 -0.250000
86 45 -0.250000
86 84 0.125000
86 85 0.125000
86 97 0.125000
86 103 0.125000
87 36 -0.250000
87 37 -0.250000
87 69 0.125000
87 70 0.125000
87 81 0.125000
87 89 0.125000
88 38 -0.250000
88 41 -0.250000
88 77 0.125000
88 78 0.125000
88 90 0.125000
88 95 0.125000
89 39 -0.250000
89 45 -0.250000
89 87 0.125000
89 90 0.125000
89 100 0.125000
89 107 0.125000
90 39 -0.250000
90 47 -0.250000
90 88 0.125000
90 89 0.125000
90 100 0.125000
90 107 0.125000
91 38 -0.250000
91 39 -0.250000
91 73 0.125000
91 74 0.125000
91 84 0.125000
91 93 0.125000
92 40 -0.250000
92 42 -0.250000
92 80 0.125000
92 94 0.125000
93 41 -0.250000
93 47 -0.250000
93 91 0.125000
93 94 0.125000
93 104 0.125000
93 111 0.125000
94 41 -0.250000
94 49 -0.250000
94 92 0.125000
94 93 0.125000
94 104 0.125000
94 111 0.125000
95 40 -0.250000
95 41 -0.250000
95 77 0.125000
95 78 0.125000
95 88 0.125000
95 96 0.125000
96 42 -0.250000
96 49 -0.250000
96 95 0.125000
96 108 0.125000
97 43 -0.250000
97 46 -0.250000
97 85 0.125000
97 86 0.125000
97 98 0.125000
97 103 0.125000
98 44 -0.250000
98 52 -0.250000
98 97 0.125000
98 115 0.125000
99 43 -0.250000
99 44 -0.250000
99 82 0.125000
99 101 0.125000
100 45 -0.250000
100 48 -0.250000
100 89 0.125000
100 90 0.125000
100 102 0.125000
100 107 0.125000
101 46 -0.250000
101 52 -0.250000
101 99 0.125000
101 102 0.125000
101 113 0.125000
101 119 0.125000
102 46 -0.250000
102 54 -0.250000
102 100 0.125000
102 101 0.125000
102 113 0.125000
102 119 0.125000
103 45 -0.250000
103 46 -0.250000
103 85 0.125000
103 86 0.125000
103 97 0.125000
103 105 0.125000
104 47 -0.250000
104 50 -0.250000
104 93 0.125000
104 94 0.125000
104 106 0.125000
104 111 0.125000
105 48 -0.250000
105 54 -0.250000
105 103 0.125000
105 106 0.125000
105 116 0.125000
105 123 0.125000
106 48 -0.250000
106 56 -0.250000
106 104 0.125000
106 105 0.125000
106 116 0.125000
106 123 0.125000
107 47 -0.250000
107 48 -0.250000
107 89 0.125000
107 90 0.125000
107 100 0.125000
107 109 0.125000
108 49 -0.250000
108 51 -0.250000
108 96 0.125000
108 110 0.125000
109 50 -0.250000
109 56 -0.250000
109 107 0.125000
109 110 0.125000
109 120 0.125000
109 127 0.125000
110 50 -0.250000
110 58 -0.250000
110 108 0.125000
110 109 0.125000
110 120 0.125000
110 127 0.125000
111 49 -0.250000
111 50 -0.250000
111 93 0.125000
111 94 0.125000
111 104 0.125000
111 112 0.125000
112 51 -0.250000
112 58 -0.250000
112 111 0.125000
112 124 0.125000
113 52 -0.250000
113 55 -0.250000
113 101 0.125000
113 102 0.125000
113 114 0.125000
113 119 0.125000
114 53 -0.250000
114 61 -0.250000
114 113 0.125000
115 52 -0.250000
115 53 -0.250000
115 98 0.125000
115 117 0.125000
116 54 -0.250000
116 57 -0.250000
116 105 0.125000
116 106 0.125000
116 118 0.125000
116 123 0.125000
117 55 -0.250000
117 61 -0.250000
117 115 0.125000
117 118 0.125000
118 55 -0.250000
118 62 -0.250000
118 116 0.125000
118 117 0.125000
119 54 -0.250000
119 55 -0.250000
119 101 0.125000
119 102 0.125000
119 113 0.125000
119 121 0.125000
120 56 -0.250000
120 59 -0.250000
120 109 0.125000
120 110 0.125000
120 122 0.125000
120 127 0.125000
121 57 -0.250000
121 62 -0.250000
121 119 0.125000
121 122 0.125000
122 57 -0.250000
122 63 -0.250000
122 120 0.125000
122 121 0.125000
123 56 -0.250000
123 57 -0.250000
123 105 0.125000
123 106 0.125000
123 116 0.125000
123 125 0.125000
124 58 -0.250000
124 60 -0.250000
124 112 0.125000
124 126 0.125000
125 59 -0.250000
125 63 -0.250000
125 123 0.125000
125 126 0.125000
126 59 -0.250000
126 64 -0.250000
126 124 0.125000
126 125 0.125000
127 58 -0.250000
127 59 -0.250000
127 109 0.125000
127 110 0.125000
127 120 0.125000
127 128 0.125000
128 60 -0.250000
128 64 -0.250000
128 127 0.125000
