# additive constant
1201.000000
#  129 local fields
0 -49.000000
1 -49.000000
2 -49.000000
3 -49.000000
4 -49.000000
5 -49.000000
6 -49.000000
7 -49.000000
8 -49.000000
9 -49.000000
10 -49.000000
11 -49.000000
12 -49.000000
13 -49.000000
14 -49.000000
15 -49.000000
16 -49.000000
17 -49.000000
18 -49.000000
19 -49.000000
20 -49.000000
21 -49.000000
22 -49.000000
23 -49.000000
24 -49.000000
25 -45.000000
26 -45.000000
27 -45.000000
28 -45.000000
29 -45.000000
30 -45.000000
31 -45.000000
32 -45.000000
33 -45.000000
34 -45.000000
35 -45.000000
36 -45.000000
37 -45.000000
38 -45.000000
39 -45.000000
40 -45.000000
41 -45.000000
42 -45.000000
43 -45.000000
44 -45.000000
45 -45.000000
46 -45.000000
47 -45.000000
48 -45.000000
49 -45.000000
50 -45.000000
51 -45.000000
52 -45.000000
53 -45.000000
54 -45.000000
55 -45.000000
56 -45.000000
57 -45.000000
58 -45.000000
59 -45.000000
60 -45.000000
61 -45.000000
62 -45.000000
63 -45.000000
64 -45.000000
65 3.000000
66 3.000000
67 3.000000
68 3.000000
69 3.000000
70 3.000000
71 3.000000
72 3.000000
73 3.000000
74 3.000000
75 3.000000
76 3.000000
77 3.000000
78 3.000000
79 3.000000
80 3.000000
81 3.000000
82 3.000000
83 3.000000
84 3.000000
85 3.000000
86 3.000000
87 3.000000
88 3.000000
89 3.000000
90 3.000000
91 3.000000
92 3.000000
93 3.000000
94 3.000000
95 3.000000
96 3.000000
97 3.000000
98 3.000000
99 3.000000
100 3.000000
101 3.000000
102 3.000000
103 3.000000
104 3.000000
105 3.000000
106 3.000000
107 3.000000
108 3.000000
109 3.000000
110 3.000000
111 3.000000
112 3.000000
113 3.000000
114 3.000000
115 3.000000
116 3.000000
117 3.000000
118 3.000000
119 3.000000
120 3.000000
121 3.000000
122 3.000000
123 3.000000
124 3.000000
125 3.000000
126 3.000000
127 3.000000
128 3.000000
# non-zero couplings
0 1 1.000000
0 2 1.000000
0 3 1.000000
0 4 1.000000
0 5 1.000000
0 6 1.000000
0 7 1.000000
0 8 1.000000
0 9 1.000000
0 10 1.000000
0 11 1.000000
0 12 1.000000
0 13 1.000000
0 14 1.000000
0 15 1.000000
0 16 1.000000
0 17 1.000000
0 18 1.000000
0 19 1.000000
0 20 1.000000
0 21 1.000000
0 22 1.000000
0 23 1.000000
0 24 1.000000
0 25 -0.500000
0 26 -0.500000
1 0 1.000000
1 2 1.000000
1 3 1.000000
1 4 1.000000
1 5 1.000000
1 6 1.000000
1 7 1.000000
1 8 1.000000
1 9 1.000000
1 10 1.000000
1 11 1.000000
1 12 1.000000
1 13 1.000000
1 14 1.000000
1 15 1.000000
1 16 1.000000
1 17 1.000000
1 18 1.000000
1 19 1.000000
1 20 1.000000
1 21 1.000000
1 22 1.000000
1 23 1.000000
1 24 1.000000
1 25 -0.500000
1 27 -0.500000
1 28 -0.500000
2 0 1.000000
2 1 1.000000
2 3 1.000000
2 4 1.000000
2 5 1.000000
2 6 1.000000
2 7 1.000000
2 8 1.000000
2 9 1.000000
2 10 1.000000
2 11 1.000000
2 12 1.000000
2 13 1.000000
2 14 1.000000
2 15 1.000000
2 16 1.000000
2 17 1.000000
2 18 1.000000
2 19 1.000000
2 20 1.000000
2 21 1.000000
2 22 1.000000
2 23 1.000000
2 24 1.000000
2 27 -0.500000
2 29 -0.500000
2 30 -0.500000
3 0 1.000000
3 1 1.000000
3 2 1.000000
3 4 1.000000
3 5 1.000000
3 6 1.000000
3 7 1.000000
3 8 1.000000
3 9 1.000000
3 10 1.000000
3 11 1.000000
3 12 1.000000
3 13 1.000000
3 14 1.000000
3 15 1.000000
3 16 1.000000
3 17 1.000000
3 18 1.000000
3 19 1.000000
3 20 1.000000
3 21 1.000000
3 22 1.000000
3 23 1.000000
3 24 1.000000
3 29 -0.500000
3 31 -0.500000
3 32 -0.500000
4 0 1.000000
4 1 1.000000
4 2 1.000000
4 3 1.000000
4 5 1.000000
4 6 1.000000
4 7 1.000000
4 8 1.000000
4 9 1.000000
4 10 1.000000
4 11 1.000000
4 12 1.000000
4 13 1.000000
4 14 1.000000
4 15 1.000000
4 16 1.000000
4 17 1.000000
4 18 1.000000
4 19 1.000000
4 20 1.000000
4 21 1.000000
4 22 1.000000
4 23 1.000000
4 24 1.000000
4 31 -0.500000
4 33 -0.500000
5 0 1.000000
5 1 1.000000
5 2 1.000000
5 3 1.000000
5 4 1.000000
5 6 1.000000
5 7 1.000000
5 8 1.000000
5 9 1.000000
5 10 1.000000
5 11 1.000000
5 12 1.000000
5 13 1.000000
5 14 1.000000
5 15 1.000000
5 16 1.000000
5 17 1.000000
5 18 1.000000
5 19 1.000000
5 20 1.000000
5 21 1.000000
5 22 1.000000
5 23 1.000000
5 24 1.000000
5 26 -0.500000
5 34 -0.500000
5 35 -0.500000
6 0 1.000000
6 1 1.000000
6 2 1.000000
6 3 1.000000
6 4 1.000000
6 5 1.000000
6 7 1.000000
6 8 1.000000
6 9 1.000000
6 10 1.000000
6 11 1.000000
6 12 1.000000
6 13 1.000000
6 14 1.000000
6 15 1.000000
6 16 1.000000
6 17 1.000000
6 18 1.000000
6 19 1.000000
6 20 1.000000
6 21 1.000000
6 22 1.000000
6 23 1.000000
6 24 1.000000
6 28 -0.500000
6 34 -0.500000
6 36 -0.500000
6 37 -0.500000
7 0 1.000000
7 1 1.000000
7 2 1.000000
7 3 1.000000
7 4 1.000000
7 5 1.000000
7 6 1.000000
7 8 1.000000
7 9 1.000000
7 10 1.000000
7 11 1.000000
7 12 1.000000
7 13 1.000000
7 14 1.000000
7 15 1.000000
7 16 1.000000
7 17 1.000000
7 18 1.000000
7 19 1.000000
7 20 1.000000
7 21 1.000000
7 22 1.000000
7 23 1.000000
7 24 1.000000
7 30 -0.500000
7 36 -0.500000
7 38 -0.500000
7 39 -0.500000
8 0 1.000000
8 1 1.000000
8 2 1.000000
8 3 1.000000
8 4 1.000000
8 5 1.000000
8 6 1.000000
8 7 1.000000
8 9 1.000000
8 10 1.000000
8 11 1.000000
8 12 1.000000
8 13 1.000000
8 14 1.000000
8 15 1.000000
8 16 1.000000
8 17 1.000000
8 18 1.000000
8 19 1.000000
8 20 1.000000
8 21 1.000000
8 22 1.000000
8 23 1.000000
8 24 1.000000
8 32 -0.500000
8 38 -0.500000
8 40 -0.500000
8 41 -0.500000
9 0 1.000000
9 1 1.000000
9 2 1.000000
9 3 1.000000
9 4 1.000000
9 5 1.000000
9 6 1.000000
9 7 1.000000
9 8 1.000000
9 10 1.000000
9 11 1.000000
9 12 1.000000
9 13 1.000000
9 14 1.000000
9 15 1.000000
9 16 1.000000
9 17 1.000000
9 18 1.000000
9 19 1.000000
9 20 1.000000
9 21 1.000000
9 22 1.000000
9 23 1.000000
9 24 1.000000
9 33 -0.500000
9 40 -0.500000
9 42 -0.500000
10 0 1.000000
10 1 1.000000
10 2 1.000000
10 3 1.000000
10 4 1.000000
10 5 1.000000
10 6 1.000000
10 7 1.000000
10 8 1.000000
10 9 1.000000
10 11 1.000000
10 12 1.000000
10 13 1.000000
10 14 1.000000
10 15 1.000000
10 16 1.000000
10 17 1.000000
10 18 1.000000
10 19 1.000000
10 20 1.000000
10 21 1.000000
10 22 1.000000
10 23 1.000000
10 24 1.000000
10 35 -0.500000
10 43 -0.500000
10 44 -0.500000
11 0 1.000000
11 1 1.000000
11 2 1.000000
11 3 1.000000
11 4 1.000000
11 5 1.000000
11 6 1.000000
11 7 1.000000
11 8 1.000000
11 9 1.000000
11 10 1.000000
11 12 1.000000
11 13 1.000000
11 14 1.000000
11 15 1.000000
11 16 1.000000
11 17 1.000000
11 18 1.000000
11 19 1.000000
11 20 1.000000
11 21 1.000000
11 22 1.000000
11 23 1.000000
11 24 1.000000
11 37 -0.500000
11 43 -0.500000
11 45 -0.500000
11 46 -0.500000
12 0 1.000000
12 1 1.000000
12 2 1.000000
12 3 1.000000
12 4 1.000000
12 5 1.000000
12 6 1.000000
12 7 1.000000
12 8 1.000000
12 9 1.000000
12 10 1.000000
12 11 1.000000
12 13 1.000000
12 14 1.000000
12 15 1.000000
12 16 1.000000
12 17 1.000000
12 18 1.000000
12 19 1.000000
12 20 1.000000
12 21 1.000000
12 22 1.000000
12 23 1.000000
12 24 1.000000
12 39 -0.500000
12 45 -0.500000
12 47 -0.500000
12 48 -0.500000
13 0 1.000000
13 1 1.000000
13 2 1.000000
13 3 1.000000
13 4 1.000000
13 5 1.000000
13 6 1.000000
13 7 1.000000
13 8 1.000000
13 9 1.000000
13 10 1.000000
13 11 1.000000
13 12 1.000000
13 14 1.000000
13 15 1.000000
13 16 1.000000
13 17 1.000000
13 18 1.000000
13 19 1.000000
13 20 1.000000
13 21 1.000000
13 22 1.000000
13 23 1.000000
13 24 1.000000
13 41 -0.500000
13 47 -0.500000
13 49 -0.500000
13 50 -0.500000
14 0 1.000000
14 1 1.000000
14 2 1.000000
14 3 1.000000
14 4 1.000000
14 5 1.000000
14 6 1.000000
14 7 1.000000
14 8 1.000000
14 9 1.000000
14 10 1.000000
14 11 1.000000
14 12 1.000000
14 13 1.000000
14 15 1.000000
14 16 1.000000
14 17 1.000000
14 18 1.000000
14 19 1.000000
14 20 1.000000
14 21 1.000000
14 22 1.000000
14 23 1.000000
14 24 1.000000
14 42 -0.500000
14 49 -0.500000
14 51 -0.500000
15 0 1.000000
15 1 1.000000
15 2 1.000000
15 3 1.000000
15 4 1.000000
15 5 1.000000
15 6 1.000000
15 7 1.000000
15 8 1.000000
15 9 1.000000
15 10 1.000000
15 11 1.000000
15 12 1.000000
15 13 1.000000
15 14 1.000000
15 16 1.000000
15 17 1.000000
15 18 1.000000
15 19 1.000000
15 20 1.000000
15 21 1.000000
15 22 1.000000
15 23 1.000000
15 24 1.000000
15 44 -0.500000
15 52 -0.500000
15 53 -0.500000
16 0 1.000000
16 1 1.000000
16 2 1.000000
16 3 1.000000
16 4 1.000000
16 5 1.000000
16 6 1.000000
16 7 1.000000
16 8 1.000000
16 9 1.000000
16 10 1.000000
16 11 1.000000
16 12 1.000000
16 13 1.000000
16 14 1.000000
16 15 1.000000
16 17 1.000000
16 18 1.000000
16 19 1.000000
16 20 1.000000
16 21 1.000000
16 22 1.000000
16 23 1.000000
16 24 1.000000
16 46 -0.500000
16 52 -0.500000
16 54 -0.500000
16 55 -0.500000
17 0 1.000000
17 1 1.000000
17 2 1.000000
17 3 1.000000
17 4 1.000000
17 5 1.000000
17 6 1.000000
17 7 1.000000
17 8 1.000000
17 9 1.000000
17 10 1.000000
17 11 1.000000
17 12 1.000000
17 13 1.000000
17 14 1.000000
17 15 1.000000
17 16 1.000000
17 18 1.000000
17 19 1.000000
17 20 1.000000
17 21 1.000000
17 22 1.000000
17 23 1.000000
17 24 1.000000
17 48 -0.500000
17 54 -0.500000
17 56 -0.500000
17 57 -0.500000
18 0 1.000000
18 1 1.000000
18 2 1.000000
18 3 1.000000
18 4 1.000000
18 5 1.000000
18 6 1.000000
18 7 1.000000
18 8 1.000000
18 9 1.000000
18 10 1.000000
18 11 1.000000
18 12 1.000000
18 13 1.000000
18 14 1.000000
18 15 1.000000
18 16 1.000000
18 17 1.000000
18 19 1.000000
18 20 1.000000
18 21 1.000000
18 22 1.000000
18 23 1.000000
18 24 1.000000
18 50 -0.500000
18 56 -0.500000
18 58 -0.500000
18 59 -0.500000
19 0 1.000000
19 1 1.000000
19 2 1.000000
19 3 1.000000
19 4 1.000000
19 5 1.000000
19 6 1.000000
19 7 1.000000
19 8 1.000000
19 9 1.000000
19 10 1.000000
19 11 1.000000
19 12 1.000000
19 13 1.000000
19 14 1.000000
19 15 1.000000
19 16 1.000000
19 17 1.000000
19 18 1.000000
19 20 1.000000
19 21 1.000000
19 22 1.000000
19 23 1.000000
19 24 1.000000
19 51 -0.500000
19 58 -0.500000
19 60 -0.500000
20 0 1.000000
20 1 1.000000
20 2 1.000000
20 3 1.000000
20 4 1.000000
20 5 1.000000
20 6 1.000000
20 7 1.000000
20 8 1.000000
20 9 1.000000
20 10 1.000000
20 11 1.000000
20 12 1.000000
20 13 1.000000
20 14 1.000000
20 15 1.000000
20 16 1.000000
20 17 1.000000
20 18 1.000000
20 19 1.000000
20 21 1.000000
20 22 1.000000
20 23 1.000000
20 24 1.000000
20 53 -0.500000
20 61 -0.500000
21 0 1.000000
21 1 1.000000
21 2 1.000000
21 3 1.000000
21 4 1.000000
21 5 1.000000
21 6 1.000000
21 7 1.000000
21 8 1.000000
21 9 1.000000
21 10 1.000000
21 11 1.000000
21 12 1.000000
21 13 1.000000
21 14 1.000000
21 15 1.000000
21 16 1.000000
21 17 1.000000
21 18 1.000000
21 19 1.000000
21 20 1.000000
21 22 1.000000
21 23 1.000000
21 24 1.000000
21 55 -0.500000
21 61 -0.500000
21 62 -0.500000
22 0 1.000000
22 1 1.000000
22 2 1.000000
22 3 1.000000
22 4 1.000000
22 5 1.000000
22 6 1.000000
22 7 1.000000
22 8 1.000000
22 9 1.000000
22 10 1.000000
22 11 1.000000
22 12 1.000000
22 13 1.000000
22 14 1.000000
22 15 1.000000
22 16 1.000000
22 17 1.000000
22 18 1.000000
22 19 1.000000
22 20 1.000000
22 21 1.000000
22 23 1.000000
22 24 1.000000
22 57 -0.500000
22 62 -0.500000
22 63 -0.500000
23 0 1.000000
23 1 1.000000
23 2 1.000000
23 3 1.000000
23 4 1.000000
23 5 1.000000
23 6 1.000000
23 7 1.000000
23 8 1.000000
23 9 1.000000
23 10 1.000000
23 11 1.000000
23 12 1.000000
23 13 1.000000
23 14 1.000000
23 15 1.000000
23 16 1.000000
23 17 1.000000
23 18 1.000000
23 19 1.000000
23 20 1.000000
23 21 1.000000
23 22 1.000000
23 24 1.000000
23 59 -0.500000
23 63 -0.500000
23 64 -0.500000
24 0 1.000000
24 1 1.000000
24 2 1.000000
24 3 1.000000
24 4 1.000000
24 5 1.000000
24 6 1.000000
24 7 1.000000
24 8 1.000000
24 9 1.000000
24 10 1.000000
24 11 1.000000
24 12 1.000000
24 13 1.000000
24 14 1.000000
24 15 1.000000
24 16 1.000000
24 17 1.000000
24 18 1.000000
24 19 1.000000
24 20 1.000000
24 21 1.000000
24 22 1.000000
24 23 1.000000
24 60 -0.500000
24 64 -0.500000
25 0 -0.500000
25 1 -0.500000
25 26 1.500000
25 27 1.000000
25 28 1.500000
25 29 1.000000
25 30 1.000000
25 31 1.000000
25 32 1.000000
25 33 1.000000
25 34 1.000000
25 35 1.000000
25 36 1.000000
25 37 1.000000
25 38 1.000000
25 39 1.000000
25 40 1.000000
25 41 1.000000
25 42 1.000000
25 43 1.000000
25 44 1.000000
25 45 1.000000
25 46 1.000000
25 47 1.000000
25 48 1.000000
25 49 1.000000
25 50 1.000000
25 51 1.000000
25 52 1.000000
25 53 1.000000
25 54 1.000000
25 55 1.000000
25 56 1.000000
25 57 1.000000
25 58 1.000000
25 59 1.000000
25 60 1.000000
25 61 1.000000
25 62 1.000000
25 63 1.000000
25 64 1.000000
25 65 -1.000000
25 67 -1.000000
26 0 -0.500000
26 5 -0.500000
26 25 1.500000
26 27 1.000000
26 28 1.000000
26 29 1.000000
26 30 1.000000
26 31 1.000000
26 32 1.000000
26 33 1.000000
26 34 1.500000
26 35 1.000000
26 36 1.000000
26 37 1.000000
26 38 1.000000
26 39 1.000000
26 40 1.000000
26 41 1.000000
26 42 1.000000
26 43 1.000000
26 44 1.000000
26 45 1.000000
26 46 1.000000
26 47 1.000000
26 48 1.000000
26 49 1.000000
26 50 1.000000
26 51 1.000000
26 52 1.000000
26 53 1.000000
26 54 1.000000
26 55 1.000000
26 56 1.000000
26 57 1.000000
26 58 1.000000
26 59 1.000000
26 60 1.000000
26 61 1.000000
26 62 1.000000
26 63 1.000000
26 64 1.000000
26 66 -1.000000
26 67 -1.000000
27 1 -0.500000
27 2 -0.500000
27 25 1.000000
27 26 1.000000
27 28 1.500000
27 29 1.000000
27 30 1.500000
27 31 1.000000
27 32 1.000000
27 33 1.000000
27 34 1.000000
27 35 1.000000
27 36 1.000000
27 37 1.000000
27 38 1.000000
27 39 1.000000
27 40 1.000000
27 41 1.000000
27 42 1.000000
27 43 1.000000
27 44 1.000000
27 45 1.000000
27 46 1.000000
27 47 1.000000
27 48 1.000000
27 49 1.000000
27 50 1.000000
27 51 1.000000
27 52 1.000000
27 53 1.000000
27 54 1.000000
27 55 1.000000
27 56 1.000000
27 57 1.000000
27 58 1.000000
27 59 1.000000
27 60 1.000000
27 61 1.000000
27 62 1.000000
27 63 1.000000
27 64 1.000000
27 68 -1.000000
27 71 -1.000000
28 1 -0.500000
28 6 -0.500000
28 25 1.500000
28 26 1.000000
28 27 1.500000
28 29 1.000000
28 30 1.000000
28 31 1.000000
28 32 1.000000
28 33 1.000000
28 34 1.500000
28 35 1.000000
28 36 1.500000
28 37 1.000000
28 38 1.000000
28 39 1.000000
28 40 1.000000
28 41 1.000000
28 42 1.000000
28 43 1.000000
28 44 1.000000
28 45 1.000000
28 46 1.000000
28 47 1.000000
28 48 1.000000
28 49 1.000000
28 50 1.000000
28 51 1.000000
28 52 1.000000
28 53 1.000000
28 54 1.000000
28 55 1.000000
28 56 1.000000
28 57 1.000000
28 58 1.000000
28 59 1.000000
28 60 1.000000
28 61 1.000000
28 62 1.000000
28 63 1.000000
28 64 1.000000
28 65 -1.000000
28 69 -1.000000
28 70 -1.000000
28 71 -1.000000
29 2 -0.500000
29 3 -0.500000
29 25 1.000000
29 26 1.000000
29 27 1.000000
29 28 1.000000
29 30 1.500000
29 31 1.000000
29 32 1.500000
29 33 1.000000
29 34 1.000000
29 35 1.000000
29 36 1.000000
29 37 1.000000
29 38 1.000000
29 39 1.000000
29 40 1.000000
29 41 1.000000
29 42 1.000000
29 43 1.000000
29 44 1.000000
29 45 1.000000
29 46 1.000000
29 47 1.000000
29 48 1.000000
29 49 1.000000
29 50 1.000000
29 51 1.000000
29 52 1.000000
29 53 1.000000
29 54 1.000000
29 55 1.000000
29 56 1.000000
29 57 1.000000
29 58 1.000000
29 59 1.000000
29 60 1.000000
29 61 1.000000
29 62 1.000000
29 63 1.000000
29 64 1.000000
29 72 -1.000000
29 75 -1.000000
30 2 -0.500000
30 7 -0.500000
30 25 1.000000
30 26 1.000000
30 27 1.500000
30 28 1.000000
30 29 1.500000
30 31 1.000000
30 32 1.000000
30 33 1.000000
30 34 1.000000
30 35 1.000000
30 36 1.500000
30 37 1.000000
30 38 1.500000
30 39 1.000000
30 40 1.000000
30 41 1.000000
30 42 1.000000
30 43 1.000000
30 44 1.000000
30 45 1.000000
30 46 1.000000
30 47 1.000000
30 48 1.000000
30 49 1.000000
30 50 1.000000
30 51 1.000000
30 52 1.000000
30 53 1.000000
30 54 1.000000
30 55 1.000000
30 56 1.000000
30 57 1.000000
30 58 1.000000
30 59 1.000000
30 60 1.000000
30 61 1.000000
30 62 1.000000
30 63 1.000000
30 64 1.000000
30 68 -1.000000
30 73 -1.000000
30 74 -1.000000
30 75 -1.000000
31 3 -0.500000
31 4 -0.500000
31 25 1.000000
31 26 1.000000
31 27 1.000000
31 28 1.000000
31 29 1.000000
31 30 1.000000
31 32 1.500000
31 33 1.500000
31 34 1.000000
31 35 1.000000
31 36 1.000000
31 37 1.000000
31 38 1.000000
31 39 1.000000
31 40 1.000000
31 41 1.000000
31 42 1.000000
31 43 1.000000
31 44 1.000000
31 45 1.000000
31 46 1.000000
31 47 1.000000
31 48 1.000000
31 49 1.000000
31 50 1.000000
31 51 1.000000
31 52 1.000000
31 53 1.000000
31 54 1.000000
31 55 1.000000
31 56 1.000000
31 57 1.000000
31 58 1.000000
31 59 1.000000
31 60 1.000000
31 61 1.000000
31 62 1.000000
31 63 1.000000
31 64 1.000000
31 76 -1.000000
31 79 -1.000000
32 3 -0.500000
32 8 -0.500000
32 25 1.000000
32 26 1.000000
32 27 1.000000
32 28 1.000000
32 29 1.500000
32 30 1.000000
32 31 1.500000
32 33 1.000000
32 34 1.000000
32 35 1.000000
32 36 1.000000
32 37 1.000000
32 38 1.500000
32 39 1.000000
32 40 1.500000
32 41 1.000000
32 42 1.000000
32 43 1.000000
32 44 1.000000
32 45 1.000000
32 46 1.000000
32 47 1.000000
32 48 1.000000
32 49 1.000000
32 50 1.000000
32 51 1.000000
32 52 1.000000
32 53 1.000000
32 54 1.000000
32 55 1.000000
32 56 1.000000
32 57 1.000000
32 58 1.000000
32 59 1.000000
32 60 1.000000
32 61 1.000000
32 62 1.000000
32 63 1.000000
32 64 1.000000
32 72 -1.000000
32 77 -1.000000
32 78 -1.000000
32 79 -1.000000
33 4 -0.500000
33 9 -0.500000
33 25 1.000000
33 26 1.000000
33 27 1.000000
33 28 1.000000
33 29 1.000000
33 30 1.000000
33 31 1.500000
33 32 1.000000
33 34 1.000000
33 35 1.000000
33 36 1.000000
33 37 1.000000
33 38 1.000000
33 39 1.000000
33 40 1.500000
33 41 1.000000
33 42 1.000000
33 43 1.000000
33 44 1.000000
33 45 1.000000
33 46 1.000000
33 47 1.000000
33 48 1.000000
33 49 1.000000
33 50 1.000000
33 51 1.000000
33 52 1.000000
33 53 1.000000
33 54 1.000000
33 55 1.000000
33 56 1.000000
33 57 1.000000
33 58 1.000000
33 59 1.000000
33 60 1.000000
33 61 1.000000
33 62 1.000000
33 63 1.000000
33 64 1.000000
33 76 -1.000000
33 80 -1.000000
34 5 -0.500000
34 6 -0.500000
34 25 1.000000
34 26 1.500000
34 27 1.000000
34 28 1.500000
34 29 1.000000
34 30 1.000000
34 31 1.000000
34 32 1.000000
34 33 1.000000
34 35 1.500000
34 36 1.000000
34 37 1.500000
34 38 1.000000
34 39 1.000000
34 40 1.000000
34 41 1.000000
34 42 1.000000
34 43 1.000000
34 44 1.000000
34 45 1.000000
34 46 1.000000
34 47 1.000000
34 48 1.000000
34 49 1.000000
34 50 1.000000
34 51 1.000000
34 52 1.000000
34 53 1.000000
34 54 1.000000
34 55 1.000000
34 56 1.000000
34 57 1.000000
34 58 1.000000
34 59 1.000000
34 60 1.000000
34 61 1.000000
34 62 1.000000
34 63 1.000000
34 64 1.000000
34 66 -1.000000
34 69 -1.000000
34 81 -1.000000
34 83 -1.000000
35 5 -0.500000
35 10 -0.500000
35 25 1.000000
35 26 1.000000
35 27 1.000000
35 28 1.000000
35 29 1.000000
35 30 1.000000
35 31 1.000000
35 32 1.000000
35 33 1.000000
35 34 1.500000
35 36 1.000000
35 37 1.000000
35 38 1.000000
35 39 1.000000
35 40 1.000000
35 41 1.000000
35 42 1.000000
35 43 1.500000
35 44 1.000000
35 45 1.000000
35 46 1.000000
35 47 1.000000
35 48 1.000000
35 49 1.000000
35 50 1.000000
35 51 1.000000
35 52 1.000000
35 53 1.000000
35 54 1.000000
35 55 1.000000
35 56 1.000000
35 57 1.000000
35 58 1.000000
35 59 1.000000
35 60 1.000000
35 61 1.000000
35 62 1.000000
35 63 1.000000
35 64 1.000000
35 82 -1.000000
35 83 -1.000000
36 6 -0.500000
36 7 -0.500000
36 25 1.000000
36 26 1.000000
36 27 1.000000
36 28 1.500000
36 29 1.000000
36 30 1.500000
36 31 1.000000
36 32 1.000000
36 33 1.000000
36 34 1.000000
36 35 1.000000
36 37 1.500000
36 38 1.000000
36 39 1.500000
36 40 1.000000
36 41 1.000000
36 42 1.000000
36 43 1.000000
36 44 1.000000
36 45 1.000000
36 46 1.000000
36 47 1.000000
36 48 1.000000
36 49 1.000000
36 50 1.000000
36 51 1.000000
36 52 1.000000
36 53 1.000000
36 54 1.000000
36 55 1.000000
36 56 1.000000
36 57 1.000000
36 58 1.000000
36 59 1.000000
36 60 1.000000
36 61 1.000000
36 62 1.000000
36 63 1.000000
36 64 1.000000
36 70 -1.000000
36 73 -1.000000
36 84 -1.000000
36 87 -1.000000
37 6 -0.500000
37 11 -0.500000
37 25 1.000000
37 26 1.000000
37 27 1.000000
37 28 1.000000
37 29 1.000000
37 30 1.000000
37 31 1.000000
37 32 1.000000
37 33 1.000000
37 34 1.500000
37 35 1.000000
37 36 1.500000
37 38 1.000000
37 39 1.000000
37 40 1.000000
37 41 1.000000
37 42 1.000000
37 43 1.500000
37 44 1.000000
37 45 1.500000
37 46 1.000000
37 47 1.000000
37 48 1.000000
37 49 1.000000
37 50 1.000000
37 51 1.000000
37 52 1.000000
37 53 1.000000
37 54 1.000000
37 55 1.000000
37 56 1.000000
37 57 1.000000
37 58 1.000000
37 59 1.000000
37 60 1.000000
37 61 1.000000
37 62 1.000000
37 63 1.000000
37 64 1.000000
37 81 -1.000000
37 85 -1.000000
37 86 -1.000000
37 87 -1.000000
38 7 -0.500000
38 8 -0.500000
38 25 1.000000
38 26 1.000000
38 27 1.000000
38 28 1.000000
38 29 1.000000
38 30 1.500000
38 31 1.000000
38 32 1.500000
38 33 1.000000
38 34 1.000000
38 35 1.000000
38 36 1.000000
38 37 1.000000
38 39 1.500000
38 40 1.000000
38 41 1.500000
38 42 1.000000
38 43 1.000000
38 44 1.000000
38 45 1.000000
38 46 1.000000
38 47 1.000000
38 48 1.000000
38 49 1.000000
38 50 1.000000
38 51 1.000000
38 52 1.000000
38 53 1.000000
38 54 1.000000
38 55 1.000000
38 56 1.000000
38 57 1.000000
38 58 1.000000
38 59 1.000000
38 60 1.000000
38 61 1.000000
38 62 1.000000
38 63 1.000000
38 64 1.000000
38 74 -1.000000
38 77 -1.000000
38 88 -1.000000
38 91 -1.000000
39 7 -0.500000
39 12 -0.500000
39 25 1.000000
39 26 1.000000
39 27 1.000000
39 28 1.000000
39 29 1.000000
39 30 1.000000
39 31 1.000000
39 32 1.000000
39 33 1.000000
39 34 1.000000
39 35 1.000000
39 36 1.500000
39 37 1.000000
39 38 1.500000
39 40 1.000000
39 41 1.000000
39 42 1.000000
39 43 1.000000
39 44 1.000000
39 45 1.500000
39 46 1.000000
39 47 1.500000
39 48 1.000000
39 49 1.000000
39 50 1.000000
39 51 1.000000
39 52 1.000000
39 53 1.000000
39 54 1.000000
39 55 1.000000
39 56 1.000000
39 57 1.000000
39 58 1.000000
39 59 1.000000
39 60 1.000000
39 61 1.000000
39 62 1.000000
39 63 1.000000
39 64 1.000000
39 84 -1.000000
39 89 -1.000000
39 90 -1.000000
39 91 -1.000000
40 8 -0.500000
40 9 -0.500000
40 25 1.000000
40 26 1.000000
40 27 1.000000
40 28 1.000000
40 29 1.000000
40 30 1.000000
40 31 1.000000
40 32 1.500000
40 33 1.500000
40 34 1.000000
40 35 1.000000
40 36 1.000000
40 37 1.000000
40 38 1.000000
40 39 1.000000
40 41 1.500000
40 42 1.500000
40 43 1.000000
40 44 1.000000
40 45 1.000000
40 46 1.000000
40 47 1.000000
40 48 1.000000
40 49 1.000000
40 50 1.000000
40 51 1.000000
40 52 1.000000
40 53 1.000000
40 54 1.000000
40 55 1.000000
40 56 1.000000
40 57 1.000000
40 58 1.000000
40 59 1.000000
40 60 1.000000
40 61 1.000000
40 62 1.000000
40 63 1.000000
40 64 1.000000
40 78 -1.000000
40 80 -1.000000
40 92 -1.000000
40 95 -1.000000
41 8 -0.500000
41 13 -0.500000
41 25 1.000000
41 26 1.000000
41 27 1.000000
41 28 1.000000
41 29 1.000000
41 30 1.000000
41 31 1.000000
41 32 1.000000
41 33 1.000000
41 34 1.000000
41 35 1.000000
41 36 1.000000
41 37 1.000000
41 38 1.500000
41 39 1.000000
41 40 1.500000
41 42 1.000000
41 43 1.000000
41 44 1.000000
41 45 1.000000
41 46 1.000000
41 47 1.500000
41 48 1.000000
41 49 1.500000
41 50 1.000000
41 51 1.000000
41 52 1.000000
41 53 1.000000
41 54 1.000000
41 55 1.000000
41 56 1.000000
41 57 1.000000
41 58 1.000000
41 59 1.000000
41 60 1.000000
41 61 1.000000
41 62 1.000000
41 63 1.000000
41 64 1.000000
41 88 -1.000000
41 93 -1.000000
41 94 -1.000000
41 95 -1.000000
42 9 -0.500000
42 14 -0.500000
42 25 1.000000
42 26 1.000000
42 27 1.000000
42 28 1.000000
42 29 1.000000
42 30 1.000000
42 31 1.000000
42 32 1.000000
42 33 1.000000
42 34 1.000000
42 35 1.000000
42 36 1.000000
42 37 1.000000
42 38 1.000000
42 39 1.000000
42 40 1.500000
42 41 1.000000
42 43 1.000000
42 44 1.000000
42 45 1.000000
42 46 1.000000
42 47 1.000000
42 48 1.000000
42 49 1.500000
42 50 1.000000
42 51 1.000000
42 52 1.000000
42 53 1.000000
42 54 1.000000
42 55 1.000000
42 56 1.000000
42 57 1.000000
42 58 1.000000
42 59 1.000000
42 60 1.000000
42 61 1.000000
42 62 1.000000
42 63 1.000000
42 64 1.000000
42 92 -1.000000
42 96 -1.000000
43 10 -0.500000
43 11 -0.500000
43 25 1.000000
43 26 1.000000
43 27 1.000000
43 28 1.000000
43 29 1.000000
43 30 1.000000
43 31 1.000000
43 32 1.000000
43 33 1.000000
43 34 1.000000
43 35 1.500000
43 36 1.000000
43 37 1.500000
43 38 1.000000
43 39 1.000000
43 40 1.000000
43 41 1.000000
43 42 1.000000
43 44 1.500000
43 45 1.000000
43 46 1.500000
43 47 1.000000
43 48 1.000000
43 49 1.000000
43 50 1.000000
43 51 1.000000
43 52 1.000000
43 53 1.000000
43 54 1.000000
43 55 1.000000
43 56 1.000000
43 57 1.000000
43 58 1.000000
43 59 1.000000
43 60 1.000000
43 61 1.000000
43 62 1.000000
43 63 1.000000
43 64 1.000000
43 82 -1.000000
43 85 -1.000000
43 97 -1.000000
43 99 -1.000000
44 10 -0.500000
44 15 -0.500000
44 25 1.000000
44 26 1.000000
44 27 1.000000
44 28 1.000000
44 29 1.000000
44 30 1.000000
44 31 1.000000
44 32 1.000000
44 33 1.000000
44 34 1.000000
44 35 1.000000
44 36 1.000000
44 37 1.000000
44 38 1.000000
44 39 1.000000
44 40 1.000000
44 41 1.000000
44 42 1.000000
44 43 1.500000
44 45 1.000000
44 46 1.000000
44 47 1.000000
44 48 1.000000
44 49 1.000000
44 50 1.000000
44 51 1.000000
44 52 1.500000
44 53 1.000000
44 54 1.000000
44 55 1.000000
44 56 1.000000
44 57 1.000000
44 58 1.000000
44 59 1.000000
44 60 1.000000
44 61 1.000000
44 62 1.000000
44 63 1.000000
44 64 1.000000
44 98 -1.000000
44 99 -1.000000
45 11 -0.500000
45 12 -0.500000
45 25 1.000000
45 26 1.000000
45 27 1.000000
45 28 1.000000
45 29 1.000000
45 30 1.000000
45 31 1.000000
45 32 1.000000
45 33 1.000000
45 34 1.000000
45 35 1.000000
45 36 1.000000
45 37 1.500000
45 38 1.000000
45 39 1.500000
45 40 1.000000
45 41 1.000000
45 42 1.000000
45 43 1.000000
45 44 1.000000
45 46 1.500000
45 47 1.000000
45 48 1.500000
45 49 1.000000
45 50 1.000000
45 51 1.000000
45 52 1.000000
45 53 1.000000
45 54 1.000000
45 55 1.000000
45 56 1.000000
45 57 1.000000
45 58 1.000000
45 59 1.000000
45 60 1.000000
45 61 1.000000
45 62 1.000000
45 63 1.000000
45 64 1.000000
45 86 -1.000000
45 89 -1.000000
45 100 -1.000000
45 103 -1.000000
46 11 -0.500000
46 16 -0.500000
46 25 1.000000
46 26 1.000000
46 27 1.000000
46 28 1.000000
46 29 1.000000
46 30 1.000000
46 31 1.000000
46 32 1.000000
46 33 1.000000
46 34 1.000000
46 35 1.000000
46 36 1.000000
46 37 1.000000
46 38 1.000000
46 39 1.000000
46 40 1.000000
46 41 1.000000
46 42 1.000000
46 43 1.500000
46 44 1.000000
46 45 1.500000
46 47 1.000000
46 48 1.000000
46 49 1.000000
46 50 1.000000
46 51 1.000000
46 52 1.500000
46 53 1.000000
46 54 1.500000
46 55 1.000000
46 56 1.000000
46 57 1.000000
46 58 1.000000
46 59 1.000000
46 60 1.000000
46 61 1.000000
46 62 1.000000
46 63 1.000000
46 64 1.000000
46 97 -1.000000
46 101 -1.000000
46 102 -1.000000
46 103 -1.000000
47 12 -0.500000
47 13 -0.500000
47 25 1.000000
47 26 1.000000
47 27 1.000000
47 28 1.000000
47 29 1.000000
47 30 1.000000
47 31 1.000000
47 32 1.000000
47 33 1.000000
47 34 1.000000
47 35 1.000000
47 36 1.000000
47 37 1.000000
47 38 1.000000
47 39 1.500000
47 40 1.000000
47 41 1.500000
47 42 1.000000
47 43 1.000000
47 44 1.000000
47 45 1.000000
47 46 1.000000
47 48 1.500000
47 49 1.000000
47 50 1.500000
47 51 1.000000
47 52 1.000000
47 53 1.000000
47 54 1.000000
47 55 1.000000
47 56 1.000000
47 57 1.000000
47 58 1.000000
47 59 1.000000
47 60 1.000000
47 61 1.000000
47 62 1.000000
47 63 1.000000
47 64 1.000000
47 90 -1.000000
47 93 -1.000000
47 104 -1.000000
47 107 -1.000000
48 12 -0.500000
48 17 -0.500000
48 25 1.000000
48 26 1.000000
48 27 1.000000
48 28 1.000000
48 29 1.000000
48 30 1.000000
48 31 1.000000
48 32 1.000000
48 33 1.000000
48 34 1.000000
48 35 1.000000
48 36 1.000000
48 37 1.000000
48 38 1.000000
48 39 1.000000
48 40 1.000000
48 41 1.000000
48 42 1.000000
48 43 1.000000
48 44 1.000000
48 45 1.500000
48 46 1.000000
48 47 1.500000
48 49 1.000000
48 50 1.000000
48 51 1.000000
48 52 1.000000
48 53 1.000000
48 54 1.500000
48 55 1.000000
48 56 1.500000
48 57 1.000000
48 58 1.000000
48 59 1.000000
48 60 1.000000
48 61 1.000000
48 62 1.000000
48 63 1.000000
48 64 1.000000
48 100 -1.000000
48 105 -1.000000
48 106 -1.000000
48 107 -1.000000
49 13 -0.500000
49 14 -0.500000
49 25 1.000000
49 26 1.000000
49 27 1.000000
49 28 1.000000
49 29 1.000000
49 30 1.000000
49 31 1.000000
49 32 1.000000
49 33 1.000000
49 34 1.000000
49 35 1.000000
49 36 1.000000
49 37 1.000000
49 38 1.000000
49 39 1.000000
49 40 1.000000
49 41 1.500000
49 42 1.500000
49 43 1.000000
49 44 1.000000
49 45 1.000000
49 46 1.000000
49 47 1.000000
49 48 1.000000
49 50 1.500000
49 51 1.500000
49 52 1.000000
49 53 1.000000
49 54 1.000000
49 55 1.000000
49 56 1.000000
49 57 1.000000
49 58 1.000000
49 59 1.000000
49 60 1.000000
49 61 1.000000
49 62 1.000000
49 63 1.000000
49 64 1.000000
49 94 -1.000000
49 96 -1.000000
49 108 -1.000000
49 111 -1.000000
50 13 -0.500000
50 18 -0.500000
50 25 1.000000
50 26 1.000000
50 27 1.000000
50 28 1.000000
50 29 1.000000
50 30 1.000000
50 31 1.000000
50 32 1.000000
50 33 1.000000
50 34 1.000000
50 35 1.000000
50 36 1.000000
50 37 1.000000
50 38 1.000000
50 39 1.000000
50 40 1.000000
50 41 1.000000
50 42 1.000000
50 43 1.000000
50 44 1.000000
50 45 1.000000
50 46 1.000000
50 47 1.500000
50 48 1.000000
50 49 1.500000
50 51 1.000000
50 52 1.000000
50 53 1.000000
50 54 1.000000
50 55 1.000000
50 56 1.500000
50 57 1.000000
50 58 1.500000
50 59 1.000000
50 60 1.000000
50 61 1.000000
50 62 1.000000
50 63 1.000000
50 64 1.000000
50 104 -1.000000
50 109 -1.000000
50 110 -1.000000
50 111 -1.000000
51 14 -0.500000
51 19 -0.500000
51 25 1.000000
51 26 1.000000
51 27 1.000000
51 28 1.000000
51 29 1.000000
51 30 1.000000
51 31 1.000000
51 32 1.000000
51 33 1.000000
51 34 1.000000
51 35 1.000000
51 36 1.000000
51 37 1.000000
51 38 1.000000
51 39 1.000000
51 40 1.000000
51 41 1.000000
51 42 1.000000
51 43 1.000000
51 44 1.000000
51 45 1.000000
51 46 1.000000
51 47 1.000000
51 48 1.000000
51 49 1.500000
51 50 1.000000
51 52 1.000000
51 53 1.000000
51 54 1.000000
51 55 1.000000
51 56 1.000000
51 57 1.000000
51 58 1.500000
51 59 1.000000
51 60 1.000000
51 61 1.000000
51 62 1.000000
51 63 1.000000
51 64 1.000000
51 108 -1.000000
51 112 -1.000000
52 15 -0.500000
52 16 -0.500000
52 25 1.000000
52 26 1.000000
52 27 1.000000
52 28 1.000000
52 29 1.000000
52 30 1.000000
52 31 1.000000
52 32 1.000000
52 33 1.000000
52 34 1.000000
52 35 1.000000
52 36 1.000000
52 37 1.000000
52 38 1.000000
52 39 1.000000
52 40 1.000000
52 41 1.000000
52 42 1.000000
52 43 1.000000
52 44 1.500000
52 45 1.000000
52 46 1.500000
52 47 1.000000
52 48 1.000000
52 49 1.000000
52 50 1.000000
52 51 1.000000
52 53 1.500000
52 54 1.000000
52 55 1.500000
52 56 1.000000
52 57 1.000000
52 58 1.000000
52 59 1.000000
52 60 1.000000
52 61 1.000000
52 62 1.000000
52 63 1.000000
52 64 1.000000
52 98 -1.000000
52 101 -1.000000
52 113 -1.000000
52 115 -1.000000
53 15 -0.500000
53 20 -0.500000
53 25 1.000000
53 26 1.000000
53 27 1.000000
53 28 1.000000
53 29 1.000000
53 30 1.000000
53 31 1.000000
53 32 1.000000
53 33 1.000000
53 34 1.000000
53 35 1.000000
53 36 1.000000
53 37 1.000000
53 38 1.000000
53 39 1.000000
53 40 1.000000
53 41 1.000000
53 42 1.000000
53 43 1.000000
53 44 1.000000
53 45 1.000000
53 46 1.000000
53 47 1.000000
53 48 1.000000
53 49 1.000000
53 50 1.000000
53 51 1.000000
53 52 1.500000
53 54 1.000000
53 55 1.000000
53 56 1.000000
53 57 1.000000
53 58 1.000000
53 59 1.000000
53 60 1.000000
53 61 1.500000
53 62 1.000000
53 63 1.000000
53 64 1.000000
53 114 -1.000000
53 115 -1.000000
54 16 -0.500000
54 17 -0.500000
54 25 1.000000
54 26 1.000000
54 27 1.000000
54 28 1.000000
54 29 1.000000
54 30 1.000000
54 31 1.000000
54 32 1.000000
54 33 1.000000
54 34 1.000000
54 35 1.000000
54 36 1.000000
54 37 1.000000
54 38 1.000000
54 39 1.000000
54 40 1.000000
54 41 1.000000
54 42 1.000000
54 43 1.000000
54 44 1.000000
54 45 1.000000
54 46 1.500000
54 47 1.000000
54 48 1.500000
54 49 1.000000
54 50 1.000000
54 51 1.000000
54 52 1.000000
54 53 1.000000
54 55 1.500000
54 56 1.000000
54 57 1.500000
54 58 1.000000
54 59 1.000000
54 60 1.000000
54 61 1.000000
54 62 1.000000
54 63 1.000000
54 64 1.000000
54 102 -1.000000
54 105 -1.000000
54 116 -1.000000
54 119 -1.000000
55 16 -0.500000
55 21 -0.500000
55 25 1.000000
55 26 1.000000
55 27 1.000000
55 28 1.000000
55 29 1.000000
55 30 1.000000
55 31 1.000000
55 32 1.000000
55 33 1.000000
55 34 1.000000
55 35 1.000000
55 36 1.000000
55 37 1.000000
55 38 1.000000
55 39 1.000000
55 40 1.000000
55 41 1.000000
55 42 1.000000
55 43 1.000000
55 44 1.000000
55 45 1.000000
55 46 1.000000
55 47 1.000000
55 48 1.000000
55 49 1.000000
55 50 1.000000
55 51 1.000000
55 52 1.500000
55 53 1.000000
55 54 1.500000
55 56 1.000000
55 57 1.000000
55 58 1.000000
55 59 1.000000
55 60 1.000000
55 61 1.500000
55 62 1.500000
55 63 1.000000
55 64 1.000000
55 113 -1.000000
55 117 -1.000000
55 118 -1.000000
55 119 -1.000000
56 17 -0.500000
56 18 -0.500000
56 25 1.000000
56 26 1.000000
56 27 1.000000
56 28 1.000000
56 29 1.000000
56 30 1.000000
56 31 1.000000
56 32 1.000000
56 33 1.000000
56 34 1.000000
56 35 1.000000
56 36 1.000000
56 37 1.000000
56 38 1.000000
56 39 1.000000
56 40 1.000000
56 41 1.000000
56 42 1.000000
56 43 1.000000
56 44 1.000000
56 45 1.000000
56 46 1.000000
56 47 1.000000
56 48 1.500000
56 49 1.000000
56 50 1.500000
56 51 1.000000
56 52 1.000000
56 53 1.000000
56 54 1.000000
56 55 1.000000
56 57 1.500000
56 58 1.000000
56 59 1.500000
56 60 1.000000
56 61 1.000000
56 62 1.000000
56 63 1.000000
56 64 1.000000
56 106 -1.000000
56 109 -1.000000
56 120 -1.000000
56 123 -1.000000
57 17 -0.500000
57 22 -0.500000
57 25 1.000000
57 26 1.000000
57 27 1.000000
57 28 1.000000
57 29 1.000000
57 30 1.000000
57 31 1.000000
57 32 1.000000
57 33 1.000000
57 34 1.000000
57 35 1.000000
57 36 1.000000
57 37 1.000000
57 38 1.000000
57 39 1.000000
57 40 1.000000
57 41 1.000000
57 42 1.000000
57 43 1.000000
57 44 1.000000
57 45 1.000000
57 46 1.000000
57 47 1.000000
57 48 1.000000
57 49 1.000000
57 50 1.000000
57 51 1.000000
57 52 1.000000
57 53 1.000000
57 54 1.500000
57 55 1.000000
57 56 1.500000
57 58 1.000000
57 59 1.000000
57 60 1.000000
57 61 1.000000
57 62 1.500000
57 63 1.500000
57 64 1.000000
57 116 -1.000000
57 121 -1.000000
57 122 -1.000000
57 123 -1.000000
58 18 -0.500000
58 19 -0.500000
58 25 1.000000
58 26 1.000000
58 27 1.000000
58 28 1.000000
58 29 1.000000
58 30 1.000000
58 31 1.000000
58 32 1.000000
58 33 1.000000
58 34 1.000000
58 35 1.000000
58 36 1.000000
58 37 1.000000
58 38 1.000000
58 39 1.000000
58 40 1.000000
58 41 1.000000
58 42 1.000000
58 43 1.000000
58 44 1.000000
58 45 1.000000
58 46 1.000000
58 47 1.000000
58 48 1.000000
58 49 1.000000
58 50 1.500000
58 51 1.500000
58 52 1.000000
58 53 1.000000
58 54 1.000000
58 55 1.000000
58 56 1.000000
58 57 1.000000
58 59 1.500000
58 60 1.500000
58 61 1.000000
58 62 1.000000
58 63 1.000000
58 64 1.000000
58 110 -1.000000
58 112 -1.000000
58 124 -1.000000
58 127 -1.000000
59 18 -0.500000
59 23 -0.500000
59 25 1.000000
59 26 1.000000
59 27 1.000000
59 28 1.000000
59 29 1.000000
59 30 1.000000
59 31 1.000000
59 32 1.000000
59 33 1.000000
59 34 1.000000
59 35 1.000000
59 36 1.000000
59 37 1.000000
59 38 1.000000
59 39 1.000000
59 40 1.000000
59 41 1.000000
59 42 1.000000
59 43 1.000000
59 44 1.000000
59 45 1.000000
59 46 1.000000
59 47 1.000000
59 48 1.000000
59 49 1.000000
59 50 1.000000
59 51 1.000000
59 52 1.000000
59 53 1.000000
59 54 1.000000
59 55 1.000000
59 56 1.500000
59 57 1.000000
59 58 1.500000
59 60 1.000000
59 61 1.000000
59 62 1.000000
59 63 1.500000
59 64 1.500000
59 120 -1.000000
59 125 -1.000000
59 126 -1.000000
59 127 -1.000000
60 19 -0.500000
60 24 -0.500000
60 25 1.000000
60 26 1.000000
60 27 1.000000
60 28 1.000000
60 29 1.000000
60 30 1.000000
60 31 1.000000
60 32 1.000000
60 33 1.000000
60 34 1.000000
60 35 1.000000
60 36 1.000000
60 37 1.000000
60 38 1.000000
60 39 1.000000
60 40 1.000000
60 41 1.000000
60 42 1.000000
60 43 1.000000
60 44 1.000000
60 45 1.000000
60 46 1.000000
60 47 1.000000
60 48 1.000000
60 49 1.000000
60 50 1.000000
60 51 1.000000
60 52 1.000000
60 53 1.000000
60 54 1.000000
60 55 1.000000
60 56 1.000000
60 57 1.000000
60 58 1.500000
60 59 1.000000
60 61 1.000000
60 62 1.000000
60 63 1.000000
60 64 1.500000
60 124 -1.000000
60 128 -1.000000
61 20 -0.500000
61 21 -0.500000
61 25 1.000000
61 26 1.000000
61 27 1.000000
61 28 1.000000
61 29 1.000000
61 30 1.000000
61 31 1.000000
61 32 1.000000
61 33 1.000000
61 34 1.000000
61 35 1.000000
61 36 1.000000
61 37 1.000000
61 38 1.000000
61 39 1.000000
61 40 1.000000
61 41 1.000000
61 42 1.000000
61 43 1.000000
61 44 1.000000
61 45 1.000000
61 46 1.000000
61 47 1.000000
61 48 1.000000
61 49 1.000000
61 50 1.000000
61 51 1.000000
61 52 1.000000
61 53 1.500000
61 54 1.000000
61 55 1.500000
61 56 1.000000
61 57 1.000000
61 58 1.000000
61 59 1.000000
61 60 1.000000
61 62 1.000000
61 63 1.000000
61 64 1.000000
61 114 -1.000000
61 117 -1.000000
62 21 -0.500000
62 22 -0.500000
62 25 1.000000
62 26 1.000000
62 27 1.000000
62 28 1.000000
62 29 1.000000
62 30 1.000000
62 31 1.000000
62 32 1.000000
62 33 1.000000
62 34 1.000000
62 35 1.000000
62 36 1.000000
62 37 1.000000
62 38 1.000000
62 39 1.000000
62 40 1.000000
62 41 1.000000
62 42 1.000000
62 43 1.000000
62 44 1.000000
62 45 1.000000
62 46 1.000000
62 47 1.000000
62 48 1.000000
62 49 1.000000
62 50 1.000000
62 51 1.000000
62 52 1.000000
62 53 1.000000
62 54 1.000000
62 55 1.500000
62 56 1.000000
62 57 1.500000
62 58 1.000000
62 59 1.000000
62 60 1.000000
62 61 1.000000
62 63 1.000000
62 64 1.000000
62 118 -1.000000
62 121 -1.000000
63 22 -0.500000
63 23 -0.500000
63 25 1.000000
63 26 1.000000
63 27 1.000000
63 28 1.000000
63 29 1.000000
63 30 1.000000
63 31 1.000000
63 32 1.000000
63 33 1.000000
63 34 1.000000
63 35 1.000000
63 36 1.000000
63 37 1.000000
63 38 1.000000
63 39 1.000000
63 40 1.000000
63 41 1.000000
63 42 1.000000
63 43 1.000000
63 44 1.000000
63 45 1.000000
63 46 1.000000
63 47 1.000000
63 48 1.000000
63 49 1.000000
63 50 1.000000
63 51 1.000000
63 52 1.000000
63 53 1.000000
63 54 1.000000
63 55 1.000000
63 56 1.000000
63 57 1.500000
63 58 1.000000
63 59 1.500000
63 60 1.000000
63 61 1.000000
63 62 1.000000
63 64 1.000000
63 122 -1.000000
63 125 -1.000000
64 23 -0.500000
64 24 -0.500000
64 25 1.000000
64 26 1.000000
64 27 1.000000
64 28 1.000000
64 29 1.000000
64 30 1.000000
64 31 1.000000
64 32 1.000000
64 33 1.000000
64 34 1.000000
64 35 1.000000
64 36 1.000000
64 37 1.000000
64 38 1.000000
64 39 1.000000
64 40 1.000000
64 41 1.000000
64 42 1.000000
64 43 1.000000
64 44 1.000000
64 45 1.000000
64 46 1.000000
64 47 1.000000
64 48 1.000000
64 49 1.000000
64 50 1.000000
64 51 1.000000
64 52 1.000000
64 53 1.000000
64 54 1.000000
64 55 1.000000
64 56 1.000000
64 57 1.000000
64 58 1.000000
64 59 1.500000
64 60 1.500000
64 61 1.000000
64 62 1.000000
64 63 1.000000
64 126 -1.000000
64 128 -1.000000
65 25 -1.000000
65 28 -1.000000
65 66 0.500000
65 71 0.500000
66 26 -1.000000
66 34 -1.000000
66 65 0.500000
66 83 0.500000
67 25 -1.000000
67 26 -1.000000
67 69 0.500000
68 27 -1.000000
68 30 -1.000000
68 70 0.500000
68 75 0.500000
69 28 -1.000000
69 34 -1.000000
69 67 0.500000
69 70 0.500000
69 81 0.500000
69 87 0.500000
70 28 -1.000000
70 36 -1.000000
70 68 0.500000
70 69 0.500000
70 81 0.500000
70 87 0.500000
71 27 -1.000000
71 28 -1.000000
71 65 0.500000
71 73 0.500000
72 29 -1.000000
72 32 -1.000000
72 74 0.500000
72 79 0.500000
73 30 -1.000000
73 36 -1.000000
73 71 0.500000
73 74 0.500000
73 84 0.500000
73 91 0.500000
74 30 -1.000000
74 38 -1.000000
74 72 0.500000
74 73 0.500000
74 84 0.500000
74 91 0.500000
75 29 -1.000000
75 30 -1.000000
75 68 0.500000
75 77 0.500000
76 31 -1.000000
76 33 -1.000000
76 78 0.500000
77 32 -1.000000
77 38 -1.000000
77 75 0.500000
77 78 0.500000
77 88 0.500000
77 95 0.500000
78 32 -1.000000
78 40 -1.000000
78 76 0.500000
78 77 0.500000
78 88 0.500000
78 95 0.500000
79 31 -1.000000
79 32 -1.000000
79 72 0.500000
79 80 0.500000
80 33 -1.000000
80 40 -1.000000
80 79 0.500000
80 92 0.500000
81 34 -1.000000
81 37 -1.000000
81 69 0.500000
81 70 0.500000
81 82 0.500000
81 87 0.500000
82 35 -1.000000
82 43 -1.000000
82 81 0.500000
82 99 0.500000
83 34 -1.000000
83 35 -1.000000
83 66 0.500000
83 85 0.500000
84 36 -1.000000
84 39 -1.000000
84 73 0.500000
84 74 0.500000
84 86 0.500000
84 91 0.500000
85 37 -1.000000
85 43 -1.000000
85 83 0.500000
85 86 0.500000
85 97 0.500000
85 103 0.500000
86 37 -1.000000
86 45 -1.000000
86 84 0.500000
86 85 0.500000
86 97 0.500000
86 103 0.500000
87 36 -1.000000
87 37 -1.000000
87 69 0.500000
87 70 0.500000
87 81 0.500000
87 89 0.500000
88 38 -1.000000
88 41 -1.000000
88 77 0.500000
88 78 0.500000
88 90 0.500000
88 95 0.500000
89 39 -1.000000
89 45 -1.000000
89 87 0.500000
89 90 0.500000
89 100 0.500000
89 107 0.500000
90 39 -1.000000
90 47 -1.000000
90 88 0.500000
90 89 0.500000
90 100 0.500000
90 107 0.500000
91 38 -1.000000
91 39 -1.000000
91 73 0.500000
91 74 0.500000
91 84 0.500000
91 93 0.500000
92 40 -1.000000
92 42 -1.000000
92 80 0.500000
92 94 0.500000
93 41 -1.000000
93 47 -1.000000
93 91 0.500000
93 94 0.500000
93 104 0.500000
93 111 0.500000
94 41 -1.000000
94 49 -1.000000
94 92 0.500000
94 93 0.500000
94 104 0.500000
94 111 0.500000
95 40 -1.000000
95 41 -1.000000
95 77 0.500000
95 78 0.500000
95 88 0.500000
95 96 0.500000
96 42 -1.000000
96 49 -1.000000
96 95 0.500000
96 108 0.500000
97 43 -1.000000
97 46 -1.000000
97 85 0.500000
97 86 0.500000
97 98 0.500000
97 103 0.500000
98 44 -1.000000
98 52 -1.000000
98 97 0.500000
98 115 0.500000
99 43 -1.000000
99 44 -1.000000
99 82 0.500000
99 101 0.500000
100 45 -1.000000
100 48 -1.000000
100 89 0.500000
100 90 0.500000
100 102 0.500000
100 107 0.500000
101 46 -1.000000
101 52 -1.000000
101 99 0.500000
101 102 0.500000
101 113 0.500000
101 119 0.500000
102 46 -1.000000
102 54 -1.000000
102 100 0.500000
102 101 0.500000
102 113 0.500000
102 119 0.500000
103 45 -1.000000
103 46 -1.000000
103 85 0.500000
103 86 0.500000
103 97 0.500000
103 105 0.500000
104 47 -1.000000
104 50 -1.000000
104 93 0.500000
104 94 0.500000
104 106 0.500000
104 111 0.500000
105 48 -1.000000
105 54 -1.000000
105 103 0.500000
105 106 0.500000
105 116 0.500000
105 123 0.500000
106 48 -1.000000
106 56 -1.000000
106 104 0.500000
106 105 0.500000
106 116 0.500000
106 123 0.500000
107 47 -1.000000
107 48 -1.000000
107 89 0.500000
107 90 0.500000
107 100 0.500000
107 109 0.500000
108 49 -1.000000
108 51 -1.000000
108 96 0.500000
108 110 0.500000
109 50 -1.000000
109 56 -1.000000
109 107 0.500000
109 110 0.500000
109 120 0.500000
109 127 0.500000
110 50 -1.000000
110 58 -1.000000
110 108 0.500000
110 109 0.500000
110 120 0.500000
110 127 0.500000
111 49 -1.000000
111 50 -1.000000
111 93 0.500000
111 94 0.500000
111 104 0.500000
111 112 0.500000
112 51 -1.000000
112 58 -1.000000
112 111 0.500000
112 124 0.500000
113 52 -1.000000
113 55 -1.000000
113 101 0.500000
113 102 0.500000
113 114 0.500000
113 119 0.500000
114 53 -1.000000
114 61 -1.000000
114 113 0.500000
115 52 -1.000000
115 53 -1.000000
115 98 0.500000
115 117 0.500000
116 54 -1.000000
116 57 -1.000000
116 105 0.500000
116 106 0.500000
116 118 0.500000
116 123 0.500000
117 55 -1.000000
117 61 -1.000000
117 115 0.500000
117 118 0.500000
118 55 -1.000000
118 62 -1.000000
118 116 0.500000
118 117 0.500000
119 54 -1.000000
119 55 -1.000000
119 101 0.500000
119 102 0.500000
119 113 0.500000
119 121 0.500000
120 56 -1.000000
120 59 -1.000000
120 109 0.500000
120 110 0.500000
120 122 0.500000
120 127 0.500000
121 57 -1.000000
121 62 -1.000000
121 119 0.500000
121 122 0.500000
122 57 -1.000000
122 63 -1.000000
122 120 0.500000
122 121 0.500000
123 56 -1.000000
123 57 -1.000000
123 105 0.500000
123 106 0.500000
123 116 0.500000
123 125 0.500000
124 58 -1.000000
124 60 -1.000000
124 112 0.500000
124 126 0.500000
125 59 -1.000000
125 63 -1.000000
125 123 0.500000
125 126 0.500000
126 59 -1.000000
126 64 -1.000000
126 124 0.500000
126 125 0.500000
127 58 -1.000000
127 59 -1.000000
127 109 0.500000
127 110 0.500000
127 120 0.500000
127 128 0.500000
128 60 -1.000000
128 64 -1.000000
128 127 0.500000
