# additive constant
134.500000
#   76 local fields
0 -8.500000
1 -8.750000
2 -8.750000
3 -8.500000
4 -8.750000
5 -9.000000
6 -9.000000
7 -8.750000
8 -8.750000
9 -9.000000
10 -9.000000
11 -8.750000
12 -8.500000
13 -8.750000
14 -8.750000
15 -8.500000
16 -3.000000
17 -3.000000
18 -3.000000
19 -3.500000
20 -3.000000
21 -3.500000
22 -3.000000
23 -3.500000
24 -3.000000
25 -3.500000
26 -3.500000
27 -3.500000
28 -3.500000
29 -3.000000
30 -3.500000
31 -3.000000
32 -3.500000
33 -3.500000
34 -3.500000
35 -3.500000
36 -3.000000
37 -3.000000
38 -3.000000
39 -3.000000
40 1.000000
41 1.000000
42 0.750000
43 1.000000
44 1.500000
45 1.500000
46 1.000000
47 0.750000
48 1.500000
49 1.500000
50 1.000000
51 1.000000
52 1.500000
53 1.000000
54 1.000000
55 1.500000
56 1.500000
57 1.500000
58 1.500000
59 1.000000
60 1.500000
61 1.500000
62 1.500000
63 1.000000
64 1.500000
65 0.750000
66 1.000000
67 1.500000
68 1.000000
69 1.000000
70 1.500000
71 1.000000
72 1.000000
73 1.000000
74 1.500000
75 0.750000
# non-zero couplings
0 1 0.250000
0 2 0.250000
0 3 0.250000
0 4 0.250000
0 5 0.250000
0 6 0.250000
0 7 0.250000
0 8 0.250000
0 9 0.250000
0 10 0.250000
0 11 0.250000
0 12 0.250000
0 13 0.250000
0 14 0.250000
0 15 0.250000
0 16 -0.125000
0 17 -0.125000
1 0 0.250000
1 2 0.250000
1 3 0.250000
1 4 0.250000
1 5 0.250000
1 6 0.250000
1 7 0.250000
1 8 0.250000
1 9 0.250000
1 10 0.250000
1 11 0.250000
1 12 0.250000
1 13 0.250000
1 14 0.250000
1 15 0.250000
1 16 -0.125000
1 18 -0.125000
1 19 -0.125000
2 0 0.250000
2 1 0.250000
2 3 0.250000
2 4 0.250000
2 5 0.250000
2 6 0.250000
2 7 0.250000
2 8 0.250000
2 9 0.250000
2 10 0.250000
2 11 0.250000
2 12 0.250000
2 13 0.250000
2 14 0.250000
2 15 0.250000
2 18 -0.125000
2 20 -0.125000
2 21 -0.125000
3 0 0.250000
3 1 0.250000
3 2 0.250000
3 4 0.250000
3 5 0.250000
3 6 0.250000
3 7 0.250000
3 8 0.250000
3 9 0.250000
3 10 0.250000
3 11 0.250000
3 12 0.250000
3 13 0.250000
3 14 0.250000
3 15 0.250000
3 20 -0.125000
3 22 -0.125000
4 0 0.250000
4 1 0.250000
4 2 0.250000
4 3 0.250000
4 5 0.250000
4 6 0.250000
4 7 0.250000
4 8 0.250000
4 9 0.250000
4 10 0.250000
4 11 0.250000
4 12 0.250000
4 13 0.250000
4 14 0.250000
4 15 0.250000
4 17 -0.125000
4 23 -0.125000
4 24 -0.125000
5 0 0.250000
5 1 0.250000
5 2 0.250000
5 3 0.250000
5 4 0.250000
5 6 0.250000
5 7 0.250000
5 8 0.250000
5 9 0.250000
5 10 0.250000
5 11 0.250000
5 12 0.250000
5 13 0.250000
5 14 0.250000
5 15 0.250000
5 19 -0.125000
5 23 -0.125000
5 25 -0.125000
5 26 -0.125000
6 0 0.250000
6 1 0.250000
6 2 0.250000
6 3 0.250000
6 4 0.250000
6 5 0.250000
6 7 0.250000
6 8 0.250000
6 9 0.250000
6 10 0.250000
6 11 0.250000
6 12 0.250000
6 13 0.250000
6 14 0.250000
6 15 0.250000
6 21 -0.125000
6 25 -0.125000
6 27 -0.125000
6 28 -0.125000
7 0 0.250000
7 1 0.250000
7 2 0.250000
7 3 0.250000
7 4 0.250000
7 5 0.250000
7 6 0.250000
7 8 0.250000
7 9 0.250000
7 10 0.250000
7 11 0.250000
7 12 0.250000
7 13 0.250000
7 14 0.250000
7 15 0.250000
7 22 -0.125000
7 27 -0.125000
7 29 -0.125000
8 0 0.250000
8 1 0.250000
8 2 0.250000
8 3 0.250000
8 4 0.250000
8 5 0.250000
8 6 0.250000
8 7 0.250000
8 9 0.250000
8 10 0.250000
8 11 0.250000
8 12 0.250000
8 13 0.250000
8 14 0.250000
8 15 0.250000
8 24 -0.125000
8 30 -0.125000
8 31 -0.125000
9 0 0.250000
9 1 0.250000
9 2 0.250000
9 3 0.250000
9 4 0.250000
9 5 0.250000
9 6 0.250000
9 7 0.250000
9 8 0.250000
9 10 0.250000
9 11 0.250000
9 12 0.250000
9 13 0.250000
9 14 0.250000
9 15 0.250000
9 26 -0.125000
9 30 -0.125000
9 32 -0.125000
9 33 -0.125000
10 0 0.250000
10 1 0.250000
10 2 0.250000
10 3 0.250000
10 4 0.250000
10 5 0.250000
10 6 0.250000
10 7 0.250000
10 8 0.250000
10 9 0.250000
10 11 0.250000
10 12 0.250000
10 13 0.250000
10 14 0.250000
10 15 0.250000
10 28 -0.125000
10 32 -0.125000
10 34 -0.125000
10 35 -0.125000
11 0 0.250000
11 1 0.250000
11 2 0.250000
11 3 0.250000
11 4 0.250000
11 5 0.250000
11 6 0.250000
11 7 0.250000
11 8 0.250000
11 9 0.250000
11 10 0.250000
11 12 0.250000
11 13 0.250000
11 14 0.250000
11 15 0.250000
11 29 -0.125000
11 34 -0.125000
11 36 -0.125000
12 0 0.250000
12 1 0.250000
12 2 0.250000
12 3 0.250000
12 4 0.250000
12 5 0.250000
12 6 0.250000
12 7 0.250000
12 8 0.250000
12 9 0.250000
12 10 0.250000
12 11 0.250000
12 13 0.250000
12 14 0.250000
12 15 0.250000
12 31 -0.125000
12 37 -0.125000
13 0 0.250000
13 1 0.250000
13 2 0.250000
13 3 0.250000
13 4 0.250000
13 5 0.250000
13 6 0.250000
13 7 0.250000
13 8 0.250000
13 9 0.250000
13 10 0.250000
13 11 0.250000
13 12 0.250000
13 14 0.250000
13 15 0.250000
13 33 -0.125000
13 37 -0.125000
13 38 -0.125000
14 0 0.250000
14 1 0.250000
14 2 0.250000
14 3 0.250000
14 4 0.250000
14 5 0.250000
14 6 0.250000
14 7 0.250000
14 8 0.250000
14 9 0.250000
14 10 0.250000
14 11 0.250000
14 12 0.250000
14 13 0.250000
14 15 0.250000
14 35 -0.125000
14 38 -0.125000
14 39 -0.125000
15 0 0.250000
15 1 0.250000
15 2 0.250000
15 3 0.250000
15 4 0.250000
15 5 0.250000
15 6 0.250000
15 7 0.250000
15 8 0.250000
15 9 0.250000
15 10 0.250000
15 11 0.250000
15 12 0.250000
15 13 0.250000
15 14 0.250000
15 36 -0.125000
15 39 -0.125000
16 0 -0.125000
16 1 -0.125000
16 17 0.375000
16 18 0.250000
16 19 0.375000
16 20 0.250000
16 21 0.250000
16 22 0.250000
16 23 0.250000
16 24 0.250000
16 25 0.250000
16 26 0.250000
16 27 0.250000
16 28 0.250000
16 29 0.250000
16 30 0.250000
16 31 0.250000
16 32 0.250000
16 33 0.250000
16 34 0.250000
16 35 0.250000
16 36 0.250000
16 37 0.250000
16 38 0.250000
16 39 0.250000
16 40 -0.250000
16 42 -0.250000
17 0 -0.125000
17 4 -0.125000
17 16 0.375000
17 18 0.250000
17 19 0.250000
17 20 0.250000
17 21 0.250000
17 22 0.250000
17 23 0.375000
17 24 0.250000
17 25 0.250000
17 26 0.250000
17 27 0.250000
17 28 0.250000
17 29 0.250000
17 30 0.250000
17 31 0.250000
17 32 0.250000
17 33 0.250000
17 34 0.250000
17 35 0.250000
17 36 0.250000
17 37 0.250000
17 38 0.250000
17 39 0.250000
17 41 -0.250000
17 42 -0.250000
18 1 -0.125000
18 2 -0.125000
18 16 0.250000
18 17 0.250000
18 19 0.375000
18 20 0.250000
18 21 0.375000
18 22 0.250000
18 23 0.250000
18 24 0.250000
18 25 0.250000
18 26 0.250000
18 27 0.250000
18 28 0.250000
18 29 0.250000
18 30 0.250000
18 31 0.250000
18 32 0.250000
18 33 0.250000
18 34 0.250000
18 35 0.250000
18 36 0.250000
18 37 0.250000
18 38 0.250000
18 39 0.250000
18 43 -0.250000
18 46 -0.250000
19 1 -0.125000
19 5 -0.125000
19 16 0.375000
19 17 0.250000
19 18 0.375000
19 20 0.250000
19 21 0.250000
19 22 0.250000
19 23 0.375000
19 24 0.250000
19 25 0.375000
19 26 0.250000
19 27 0.250000
19 28 0.250000
19 29 0.250000
19 30 0.250000
19 31 0.250000
19 32 0.250000
19 33 0.250000
19 34 0.250000
19 35 0.250000
19 36 0.250000
19 37 0.250000
19 38 0.250000
19 39 0.250000
19 40 -0.250000
19 44 -0.250000
19 45 -0.250000
19 46 -0.250000
20 2 -0.125000
20 3 -0.125000
20 16 0.250000
20 17 0.250000
20 18 0.250000
20 19 0.250000
20 21 0.375000
20 22 0.375000
20 23 0.250000
20 24 0.250000
20 25 0.250000
20 26 0.250000
20 27 0.250000
20 28 0.250000
20 29 0.250000
20 30 0.250000
20 31 0.250000
20 32 0.250000
20 33 0.250000
20 34 0.250000
20 35 0.250000
20 36 0.250000
20 37 0.250000
20 38 0.250000
20 39 0.250000
20 47 -0.250000
20 50 -0.250000
21 2 -0.125000
21 6 -0.125000
21 16 0.250000
21 17 0.250000
21 18 0.375000
21 19 0.250000
21 20 0.375000
21 22 0.250000
21 23 0.250000
21 24 0.250000
21 25 0.375000
21 26 0.250000
21 27 0.375000
21 28 0.250000
21 29 0.250000
21 30 0.250000
21 31 0.250000
21 32 0.250000
21 33 0.250000
21 34 0.250000
21 35 0.250000
21 36 0.250000
21 37 0.250000
21 38 0.250000
21 39 0.250000
21 43 -0.250000
21 48 -0.250000
21 49 -0.250000
21 50 -0.250000
22 3 -0.125000
22 7 -0.125000
22 16 0.250000
22 17 0.250000
22 18 0.250000
22 19 0.250000
22 20 0.375000
22 21 0.250000
22 23 0.250000
22 24 0.250000
22 25 0.250000
22 26 0.250000
22 27 0.375000
22 28 0.250000
22 29 0.250000
22 30 0.250000
22 31 0.250000
22 32 0.250000
22 33 0.250000
22 34 0.250000
22 35 0.250000
22 36 0.250000
22 37 0.250000
22 38 0.250000
22 39 0.250000
22 47 -0.250000
22 51 -0.250000
23 4 -0.125000
23 5 -0.125000
23 16 0.250000
23 17 0.375000
23 18 0.250000
23 19 0.375000
23 20 0.250000
23 21 0.250000
23 22 0.250000
23 24 0.375000
23 25 0.250000
23 26 0.375000
23 27 0.250000
23 28 0.250000
23 29 0.250000
23 30 0.250000
23 31 0.250000
23 32 0.250000
23 33 0.250000
23 34 0.250000
23 35 0.250000
23 36 0.250000
23 37 0.250000
23 38 0.250000
23 39 0.250000
23 41 -0.250000
23 44 -0.250000
23 52 -0.250000
23 54 -0.250000
24 4 -0.125000
24 8 -0.125000
24 16 0.250000
24 17 0.250000
24 18 0.250000
24 19 0.250000
24 20 0.250000
24 21 0.250000
24 22 0.250000
24 23 0.375000
24 25 0.250000
24 26 0.250000
24 27 0.250000
24 28 0.250000
24 29 0.250000
24 30 0.375000
24 31 0.250000
24 32 0.250000
24 33 0.250000
24 34 0.250000
24 35 0.250000
24 36 0.250000
24 37 0.250000
24 38 0.250000
24 39 0.250000
24 53 -0.250000
24 54 -0.250000
25 5 -0.125000
25 6 -0.125000
25 16 0.250000
25 17 0.250000
25 18 0.250000
25 19 0.375000
25 20 0.250000
25 21 0.375000
25 22 0.250000
25 23 0.250000
25 24 0.250000
25 26 0.375000
25 27 0.250000
25 28 0.375000
25 29 0.250000
25 30 0.250000
25 31 0.250000
25 32 0.250000
25 33 0.250000
25 34 0.250000
25 35 0.250000
25 36 0.250000
25 37 0.250000
25 38 0.250000
25 39 0.250000
25 45 -0.250000
25 48 -0.250000
25 55 -0.250000
25 58 -0.250000
26 5 -0.125000
26 9 -0.125000
26 16 0.250000
26 17 0.250000
26 18 0.250000
26 19 0.250000
26 20 0.250000
26 21 0.250000
26 22 0.250000
26 23 0.375000
26 24 0.250000
26 25 0.375000
26 27 0.250000
26 28 0.250000
26 29 0.250000
26 30 0.375000
26 31 0.250000
26 32 0.375000
26 33 0.250000
26 34 0.250000
26 35 0.250000
26 36 0.250000
26 37 0.250000
26 38 0.250000
26 39 0.250000
26 52 -0.250000
26 56 -0.250000
26 57 -0.250000
26 58 -0.250000
27 6 -0.125000
27 7 -0.125000
27 16 0.250000
27 17 0.250000
27 18 0.250000
27 19 0.250000
27 20 0.250000
27 21 0.375000
27 22 0.375000
27 23 0.250000
27 24 0.250000
27 25 0.250000
27 26 0.250000
27 28 0.375000
27 29 0.375000
27 30 0.250000
27 31 0.250000
27 32 0.250000
27 33 0.250000
27 34 0.250000
27 35 0.250000
27 36 0.250000
27 37 0.250000
27 38 0.250000
27 39 0.250000
27 49 -0.250000
27 51 -0.250000
27 59 -0.250000
27 62 -0.250000
28 6 -0.125000
28 10 -0.125000
28 16 0.250000
28 17 0.250000
28 18 0.250000
28 19 0.250000
28 20 0.250000
28 21 0.250000
28 22 0.250000
28 23 0.250000
28 24 0.250000
28 25 0.375000
28 26 0.250000
28 27 0.375000
28 29 0.250000
28 30 0.250000
28 31 0.250000
28 32 0.375000
28 33 0.250000
28 34 0.375000
28 35 0.250000
28 36 0.250000
28 37 0.250000
28 38 0.250000
28 39 0.250000
28 55 -0.250000
28 60 -0.250000
28 61 -0.250000
28 62 -0.250000
29 7 -0.125000
29 11 -0.125000
29 16 0.250000
29 17 0.250000
29 18 0.250000
29 19 0.250000
29 20 0.250000
29 21 0.250000
29 22 0.250000
29 23 0.250000
29 24 0.250000
29 25 0.250000
29 26 0.250000
29 27 0.375000
29 28 0.250000
29 30 0.250000
29 31 0.250000
29 32 0.250000
29 33 0.250000
29 34 0.375000
29 35 0.250000
29 36 0.250000
29 37 0.250000
29 38 0.250000
29 39 0.250000
29 59 -0.250000
29 63 -0.250000
30 8 -0.125000
30 9 -0.125000
30 16 0.250000
30 17 0.250000
30 18 0.250000
30 19 0.250000
30 20 0.250000
30 21 0.250000
30 22 0.250000
30 23 0.250000
30 24 0.375000
30 25 0.250000
30 26 0.375000
30 27 0.250000
30 28 0.250000
30 29 0.250000
30 31 0.375000
30 32 0.250000
30 33 0.375000
30 34 0.250000
30 35 0.250000
30 36 0.250000
30 37 0.250000
30 38 0.250000
30 39 0.250000
30 53 -0.250000
30 56 -0.250000
30 64 -0.250000
30 66 -0.250000
31 8 -0.125000
31 12 -0.125000
31 16 0.250000
31 17 0.250000
31 18 0.250000
31 19 0.250000
31 20 0.250000
31 21 0.250000
31 22 0.250000
31 23 0.250000
31 24 0.250000
31 25 0.250000
31 26 0.250000
31 27 0.250000
31 28 0.250000
31 29 0.250000
31 30 0.375000
31 32 0.250000
31 33 0.250000
31 34 0.250000
31 35 0.250000
31 36 0.250000
31 37 0.375000
31 38 0.250000
31 39 0.250000
31 65 -0.250000
31 66 -0.250000
32 9 -0.125000
32 10 -0.125000
32 16 0.250000
32 17 0.250000
32 18 0.250000
32 19 0.250000
32 20 0.250000
32 21 0.250000
32 22 0.250000
32 23 0.250000
32 24 0.250000
32 25 0.250000
32 26 0.375000
32 27 0.250000
32 28 0.375000
32 29 0.250000
32 30 0.250000
32 31 0.250000
32 33 0.375000
32 34 0.250000
32 35 0.375000
32 36 0.250000
32 37 0.250000
32 38 0.250000
32 39 0.250000
32 57 -0.250000
32 60 -0.250000
32 67 -0.250000
32 70 -0.250000
33 9 -0.125000
33 13 -0.125000
33 16 0.250000
33 17 0.250000
33 18 0.250000
33 19 0.250000
33 20 0.250000
33 21 0.250000
33 22 0.250000
33 23 0.250000
33 24 0.250000
33 25 0.250000
33 26 0.250000
33 27 0.250000
33 28 0.250000
33 29 0.250000
33 30 0.375000
33 31 0.250000
33 32 0.375000
33 34 0.250000
33 35 0.250000
33 36 0.250000
33 37 0.375000
33 38 0.375000
33 39 0.250000
33 64 -0.250000
33 68 -0.250000
33 69 -0.250000
33 70 -0.250000
34 10 -0.125000
34 11 -0.125000
34 16 0.250000
34 17 0.250000
34 18 0.250000
34 19 0.250000
34 20 0.250000
34 21 0.250000
34 22 0.250000
34 23 0.250000
34 24 0.250000
34 25 0.250000
34 26 0.250000
34 27 0.250000
34 28 0.375000
34 29 0.375000
34 30 0.250000
34 31 0.250000
34 32 0.250000
34 33 0.250000
34 35 0.375000
34 36 0.375000
34 37 0.250000
34 38 0.250000
34 39 0.250000
34 61 -0.250000
34 63 -0.250000
34 71 -0.250000
34 74 -0.250000
35 10 -0.125000
35 14 -0.125000
35 16 0.250000
35 17 0.250000
35 18 0.250000
35 19 0.250000
35 20 0.250000
35 21 0.250000
35 22 0.250000
35 23 0.250000
35 24 0.250000
35 25 0.250000
35 26 0.250000
35 27 0.250000
35 28 0.250000
35 29 0.250000
35 30 0.250000
35 31 0.250000
35 32 0.375000
35 33 0.250000
35 34 0.375000
35 36 0.250000
35 37 0.250000
35 38 0.375000
35 39 0.375000
35 67 -0.250000
35 72 -0.250000
35 73 -0.250000
35 74 -0.250000
36 11 -0.125000
36 15 -0.125000
36 16 0.250000
36 17 0.250000
36 18 0.250000
36 19 0.250000
36 20 0.250000
36 21 0.250000
36 22 0.250000
36 23 0.250000
36 24 0.250000
36 25 0.250000
36 26 0.250000
36 27 0.250000
36 28 0.250000
36 29 0.250000
36 30 0.250000
36 31 0.250000
36 32 0.250000
36 33 0.250000
36 34 0.375000
36 35 0.250000
36 37 0.250000
36 38 0.250000
36 39 0.375000
36 71 -0.250000
36 75 -0.250000
37 12 -0.125000
37 13 -0.125000
37 16 0.250000
37 17 0.250000
37 18 0.250000
37 19 0.250000
37 20 0.250000
37 21 0.250000
37 22 0.250000
37 23 0.250000
37 24 0.250000
37 25 0.250000
37 26 0.250000
37 27 0.250000
37 28 0.250000
37 29 0.250000
37 30 0.250000
37 31 0.375000
37 32 0.250000
37 33 0.375000
37 34 0.250000
37 35 0.250000
37 36 0.250000
37 38 0.250000
37 39 0.250000
37 65 -0.250000
37 68 -0.250000
38 13 -0.125000
38 14 -0.125000
38 16 0.250000
38 17 0.250000
38 18 0.250000
38 19 0.250000
38 20 0.250000
38 21 0.250000
38 22 0.250000
38 23 0.250000
38 24 0.250000
38 25 0.250000
38 26 0.250000
38 27 0.250000
38 28 0.250000
38 29 0.250000
38 30 0.250000
38 31 0.250000
38 32 0.250000
38 33 0.375000
38 34 0.250000
38 35 0.375000
38 36 0.250000
38 37 0.250000
38 39 0.250000
38 69 -0.250000
38 72 -0.250000
39 14 -0.125000
39 15 -0.125000
39 16 0.250000
39 17 0.250000
39 18 0.250000
39 19 0.250000
39 20 0.250000
39 21 0.250000
39 22 0.250000
39 23 0.250000
39 24 0.250000
39 25 0.250000
39 26 0.250000
39 27 0.250000
39 28 0.250000
39 29 0.250000
39 30 0.250000
39 31 0.250000
39 32 0.250000
39 33 0.250000
39 34 0.250000
39 35 0.375000
39 36 0.375000
39 37 0.250000
39 38 0.250000
39 73 -0.250000
39 75 -0.250000
40 16 -0.250000
40 19 -0.250000
40 41 0.125000
40 46 0.125000
41 17 -0.250000
41 23 -0.250000
41 40 0.125000
41 54 0.125000
42 16 -0.250000
42 17 -0.250000
42 44 0.125000
43 18 -0.250000
43 21 -0.250000
43 45 0.125000
43 50 0.125000
44 19 -0.250000
44 23 -0.250000
44 42 0.125000
44 45 0.125000
44 52 0.125000
44 58 0.125000
45 19 -0.250000
45 25 -0.250000
45 43 0.125000
45 44 0.125000
45 52 0.125000
45 58 0.125000
46 18 -0.250000
46 19 -0.250000
46 40 0.125000
46 48 0.125000
47 20 -0.250000
47 22 -0.250000
47 49 0.125000
48 21 -0.250000
48 25 -0.250000
48 46 0.125000
48 49 0.125000
48 55 0.125000
48 62 0.125000
49 21 -0.250000
49 27 -0.250000
49 47 0.125000
49 48 0.125000
49 55 0.125000
49 62 0.125000
50 20 -0.250000
50 21 -0.250000
50 43 0.125000
50 51 0.125000
51 22 -0.250000
51 27 -0.250000
51 50 0.125000
51 59 0.125000
52 23 -0.250000
52 26 -0.250000
52 44 0.125000
52 45 0.125000
52 53 0.125000
52 58 0.125000
53 24 -0.250000
53 30 -0.250000
53 52 0.125000
53 66 0.125000
54 23 -0.250000
54 24 -0.250000
54 41 0.125000
54 56 0.125000
55 25 -0.250000
55 28 -0.250000
55 48 0.125000
55 49 0.125000
55 57 0.125000
55 62 0.125000
56 26 -0.250000
56 30 -0.250000
56 54 0.125000
56 57 0.125000
56 64 0.125000
56 70 0.125000
57 26 -0.250000
57 32 -0.250000
57 55 0.125000
57 56 0.125000
57 64 0.125000
57 70 0.125000
58 25 -0.250000
58 26 -0.250000
58 44 0.125000
58 45 0.125000
58 52 0.125000
58 60 0.125000
59 27 -0.250000
59 29 -0.250000
59 51 0.125000
59 61 0.125000
60 28 -0.250000
60 32 -0.250000
60 58 0.125000
60 61 0.125000
60 67 0.125000
60 74 0.125000
61 28 -0.250000
61 34 -0.250000
61 59 0.125000
61 60 0.125000
61 67 0.125000
61 74 0.125000
62 27 -0.250000
62 28 -0.250000
62 48 0.125000
62 49 0.125000
62 55 0.125000
62 63 0.125000
63 29 -0.250000
63 34 -0.250000
63 62 0.125000
63 71 0.125000
64 30 -0.250000
64 33 -0.250000
64 56 0.125000
64 57 0.125000
64 65 0.125000
64 70 0.125000
65 31 -0.250000
65 37 -0.250000
65 64 0.125000
66 30 -0.250000
66 31 -0.250000
66 53 0.125000
66 68 0.125000
67 32 -0.250000
67 35 -0.250000
67 60 0.125000
67 61 0.125000
67 69 0.125000
67 74 0.125000
68 33 -0.250000
68 37 -0.250000
68 66 0.125000
68 69 0.125000
69 33 -0.250000
69 38 -0.250000
69 67 0.125000
69 68 0.125000
70 32 -0.250000
70 33 -0.250000
70 56 0.125000
70 57 0.125000
70 64 0.125000
70 72 0.125000
71 34 -0.250000
71 36 -0.250000
71 63 0.125000
71 73 0.125000
72 35 -0.250000
72 38 -0.250000
72 70 0.125000
72 73 0.125000
73 35 -0.250000
73 39 -0.250000
73 71 0.125000
73 72 0.125000
74 34 -0.250000
74 35 -0.250000
74 60 0.125000
74 61 0.125000
74 67 0.125000
74 75 0.125000
75 36 -0.250000
75 39 -0.250000
75 74 0.125000
