# additive constant
481.000000
#   76 local fields
0 -31.000000
1 -31.000000
2 -31.000000
3 -31.000000
4 -31.000000
5 -31.000000
6 -31.000000
7 -31.000000
8 -31.000000
9 -31.000000
10 -31.000000
11 -31.000000
12 -31.000000
13 -31.000000
14 -31.000000
15 -31.000000
16 -27.000000
17 -27.000000
18 -27.000000
19 -27.000000
20 -27.000000
21 -27.000000
22 -27.000000
23 -27.000000
24 -27.000000
25 -27.000000
26 -27.000000
27 -27.000000
28 -27.000000
29 -27.000000
30 -27.000000
31 -27.000000
32 -27.000000
33 -27.000000
34 -27.000000
35 -27.000000
36 -27.000000
37 -27.000000
38 -27.000000
39 -27.000000
40 3.000000
41 3.000000
42 3.000000
43 3.000000
44 3.000000
45 3.000000
46 3.000000
47 3.000000
48 3.000000
49 3.000000
50 3.000000
51 3.000000
52 3.000000
53 3.000000
54 3.000000
55 3.000000
56 3.000000
57 3.000000
58 3.000000
59 3.000000
60 3.000000
61 3.000000
62 3.000000
63 3.000000
64 3.000000
65 3.000000
66 3.000000
67 3.000000
68 3.000000
69 3.000000
70 3.000000
71 3.000000
72 3.000000
73 3.000000
74 3.000000
75 3.000000
# non-zero couplings
0 1 1.000000
0 2 1.000000
0 3 1.000000
0 4 1.000000
0 5 1.000000
0 6 1.000000
0 7 1.000000
0 8 1.000000
0 9 1.000000
0 10 1.000000
0 11 1.000000
0 12 1.000000
0 13 1.000000
0 14 1.000000
0 15 1.000000
0 16 -0.500000
0 17 -0.500000
1 0 1.000000
1 2 1.000000
1 3 1.000000
1 4 1.000000
1 5 1.000000
1 6 1.000000
1 7 1.000000
1 8 1.000000
1 9 1.000000
1 10 1.000000
1 11 1.000000
1 12 1.000000
1 13 1.000000
1 14 1.000000
1 15 1.000000
1 16 -0.500000
1 18 -0.500000
1 19 -0.500000
2 0 1.000000
2 1 1.000000
2 3 1.000000
2 4 1.000000
2 5 1.000000
2 6 1.000000
2 7 1.000000
2 8 1.000000
2 9 1.000000
2 10 1.000000
2 11 1.000000
2 12 1.000000
2 13 1.000000
2 14 1.000000
2 15 1.000000
2 18 -0.500000
2 20 -0.500000
2 21 -0.500000
3 0 1.000000
3 1 1.000000
3 2 1.000000
3 4 1.000000
3 5 1.000000
3 6 1.000000
3 7 1.000000
3 8 1.000000
3 9 1.000000
3 10 1.000000
3 11 1.000000
3 12 1.000000
3 13 1.000000
3 14 1.000000
3 15 1.000000
3 20 -0.500000
3 22 -0.500000
4 0 1.000000
4 1 1.000000
4 2 1.000000
4 3 1.000000
4 5 1.000000
4 6 1.000000
4 7 1.000000
4 8 1.000000
4 9 1.000000
4 10 1.000000
4 11 1.000000
4 12 1.000000
4 13 1.000000
4 14 1.000000
4 15 1.000000
4 17 -0.500000
4 23 -0.500000
4 24 -0.500000
5 0 1.000000
5 1 1.000000
5 2 1.000000
5 3 1.000000
5 4 1.000000
5 6 1.000000
5 7 1.000000
5 8 1.000000
5 9 1.000000
5 10 1.000000
5 11 1.000000
5 12 1.000000
5 13 1.000000
5 14 1.000000
5 15 1.000000
5 19 -0.500000
5 23 -0.500000
5 25 -0.500000
5 26 -0.500000
6 0 1.000000
6 1 1.000000
6 2 1.000000
6 3 1.000000
6 4 1.000000
6 5 1.000000
6 7 1.000000
6 8 1.000000
6 9 1.000000
6 10 1.000000
6 11 1.000000
6 12 1.000000
6 13 1.000000
6 14 1.000000
6 15 1.000000
6 21 -0.500000
6 25 -0.500000
6 27 -0.500000
6 28 -0.500000
7 0 1.000000
7 1 1.000000
7 2 1.000000
7 3 1.000000
7 4 1.000000
7 5 1.000000
7 6 1.000000
7 8 1.000000
7 9 1.000000
7 10 1.000000
7 11 1.000000
7 12 1.000000
7 13 1.000000
7 14 1.000000
7 15 1.000000
7 22 -0.500000
7 27 -0.500000
7 29 -0.500000
8 0 1.000000
8 1 1.000000
8 2 1.000000
8 3 1.000000
8 4 1.000000
8 5 1.000000
8 6 1.000000
8 7 1.000000
8 9 1.000000
8 10 1.000000
8 11 1.000000
8 12 1.000000
8 13 1.000000
8 14 1.000000
8 15 1.000000
8 24 -0.500000
8 30 -0.500000
8 31 -0.500000
9 0 1.000000
9 1 1.000000
9 2 1.000000
9 3 1.000000
9 4 1.000000
9 5 1.000000
9 6 1.000000
9 7 1.000000
9 8 1.000000
9 10 1.000000
9 11 1.000000
9 12 1.000000
9 13 1.000000
9 14 1.000000
9 15 1.000000
9 26 -0.500000
9 30 -0.500000
9 32 -0.500000
9 33 -0.500000
10 0 1.000000
10 1 1.000000
10 2 1.000000
10 3 1.000000
10 4 1.000000
10 5 1.000000
10 6 1.000000
10 7 1.000000
10 8 1.000000
10 9 1.000000
10 11 1.000000
10 12 1.000000
10 13 1.000000
10 14 1.000000
10 15 1.000000
10 28 -0.500000
10 32 -0.500000
10 34 -0.500000
10 35 -0.500000
11 0 1.000000
11 1 1.000000
11 2 1.000000
11 3 1.000000
11 4 1.000000
11 5 1.000000
11 6 1.000000
11 7 1.000000
11 8 1.000000
11 9 1.000000
11 10 1.000000
11 12 1.000000
11 13 1.000000
11 14 1.000000
11 15 1.000000
11 29 -0.500000
11 34 -0.500000
11 36 -0.500000
12 0 1.000000
12 1 1.000000
12 2 1.000000
12 3 1.000000
12 4 1.000000
12 5 1.000000
12 6 1.000000
12 7 1.000000
12 8 1.000000
12 9 1.000000
12 10 1.000000
12 11 1.000000
12 13 1.000000
12 14 1.000000
12 15 1.000000
12 31 -0.500000
12 37 -0.500000
13 0 1.000000
13 1 1.000000
13 2 1.000000
13 3 1.000000
13 4 1.000000
13 5 1.000000
13 6 1.000000
13 7 1.000000
13 8 1.000000
13 9 1.000000
13 10 1.000000
13 11 1.000000
13 12 1.000000
13 14 1.000000
13 15 1.000000
13 33 -0.500000
13 37 -0.500000
13 38 -0.500000
14 0 1.000000
14 1 1.000000
14 2 1.000000
14 3 1.000000
14 4 1.000000
14 5 1.000000
14 6 1.000000
14 7 1.000000
14 8 1.000000
14 9 1.000000
14 10 1.000000
14 11 1.000000
14 12 1.000000
14 13 1.000000
14 15 1.000000
14 35 -0.500000
14 38 -0.500000
14 39 -0.500000
15 0 1.000000
15 1 1.000000
15 2 1.000000
15 3 1.000000
15 4 1.000000
15 5 1.000000
15 6 1.000000
15 7 1.000000
15 8 1.000000
15 9 1.000000
15 10 1.000000
15 11 1.000000
15 12 1.000000
15 13 1.000000
15 14 1.000000
15 36 -0.500000
15 39 -0.500000
16 0 -0.500000
16 1 -0.500000
16 17 1.500000
16 18 1.000000
16 19 1.500000
16 20 1.000000
16 21 1.000000
16 22 1.000000
16 23 1.000000
16 24 1.000000
16 25 1.000000
16 26 1.000000
16 27 1.000000
16 28 1.000000
16 29 1.000000
16 30 1.000000
16 31 1.000000
16 32 1.000000
16 33 1.000000
16 34 1.000000
16 35 1.000000
16 36 1.000000
16 37 1.000000
16 38 1.000000
16 39 1.000000
16 40 -1.000000
16 42 -1.000000
17 0 -0.500000
17 4 -0.500000
17 16 1.500000
17 18 1.000000
17 19 1.000000
17 20 1.000000
17 21 1.000000
17 22 1.000000
17 23 1.500000
17 24 1.000000
17 25 1.000000
17 26 1.000000
17 27 1.000000
17 28 1.000000
17 29 1.000000
17 30 1.000000
17 31 1.000000
17 32 1.000000
17 33 1.000000
17 34 1.000000
17 35 1.000000
17 36 1.000000
17 37 1.000000
17 38 1.000000
17 39 1.000000
17 41 -1.000000
17 42 -1.000000
18 1 -0.500000
18 2 -0.500000
18 16 1.000000
18 17 1.000000
18 19 1.500000
18 20 1.000000
18 21 1.500000
18 22 1.000000
18 23 1.000000
18 24 1.000000
18 25 1.000000
18 26 1.000000
18 27 1.000000
18 28 1.000000
18 29 1.000000
18 30 1.000000
18 31 1.000000
18 32 1.000000
18 33 1.000000
18 34 1.000000
18 35 1.000000
18 36 1.000000
18 37 1.000000
18 38 1.000000
18 39 1.000000
18 43 -1.000000
18 46 -1.000000
19 1 -0.500000
19 5 -0.500000
19 16 1.500000
19 17 1.000000
19 18 1.500000
19 20 1.000000
19 21 1.000000
19 22 1.000000
19 23 1.500000
19 24 1.000000
19 25 1.500000
19 26 1.000000
19 27 1.000000
19 28 1.000000
19 29 1.000000
19 30 1.000000
19 31 1.000000
19 32 1.000000
19 33 1.000000
19 34 1.000000
19 35 1.000000
19 36 1.000000
19 37 1.000000
19 38 1.000000
19 39 1.000000
19 40 -1.000000
19 44 -1.000000
19 45 -1.000000
19 46 -1.000000
20 2 -0.500000
20 3 -0.500000
20 16 1.000000
20 17 1.000000
20 18 1.000000
20 19 1.000000
20 21 1.500000
20 22 1.500000
20 23 1.000000
20 24 1.000000
20 25 1.000000
20 26 1.000000
20 27 1.000000
20 28 1.000000
20 29 1.000000
20 30 1.000000
20 31 1.000000
20 32 1.000000
20 33 1.000000
20 34 1.000000
20 35 1.000000
20 36 1.000000
20 37 1.000000
20 38 1.000000
20 39 1.000000
20 47 -1.000000
20 50 -1.000000
21 2 -0.500000
21 6 -0.500000
21 16 1.000000
21 17 1.000000
21 18 1.500000
21 19 1.000000
21 20 1.500000
21 22 1.000000
21 23 1.000000
21 24 1.000000
21 25 1.500000
21 26 1.000000
21 27 1.500000
21 28 1.000000
21 29 1.000000
21 30 1.000000
21 31 1.000000
21 32 1.000000
21 33 1.000000
21 34 1.000000
21 35 1.000000
21 36 1.000000
21 37 1.000000
21 38 1.000000
21 39 1.000000
21 43 -1.000000
21 48 -1.000000
21 49 -1.000000
21 50 -1.000000
22 3 -0.500000
22 7 -0.500000
22 16 1.000000
22 17 1.000000
22 18 1.000000
22 19 1.000000
22 20 1.500000
22 21 1.000000
22 23 1.000000
22 24 1.000000
22 25 1.000000
22 26 1.000000
22 27 1.500000
22 28 1.000000
22 29 1.000000
22 30 1.000000
22 31 1.000000
22 32 1.000000
22 33 1.000000
22 34 1.000000
22 35 1.000000
22 36 1.000000
22 37 1.000000
22 38 1.000000
22 39 1.000000
22 47 -1.000000
22 51 -1.000000
23 4 -0.500000
23 5 -0.500000
23 16 1.000000
23 17 1.500000
23 18 1.000000
23 19 1.500000
23 20 1.000000
23 21 1.000000
23 22 1.000000
23 24 1.500000
23 25 1.000000
23 26 1.500000
23 27 1.000000
23 28 1.000000
23 29 1.000000
23 30 1.000000
23 31 1.000000
23 32 1.000000
23 33 1.000000
23 34 1.000000
23 35 1.000000
23 36 1.000000
23 37 1.000000
23 38 1.000000
23 39 1.000000
23 41 -1.000000
23 44 -1.000000
23 52 -1.000000
23 54 -1.000000
24 4 -0.500000
24 8 -0.500000
24 16 1.000000
24 17 1.000000
24 18 1.000000
24 19 1.000000
24 20 1.000000
24 21 1.000000
24 22 1.000000
24 23 1.500000
24 25 1.000000
24 26 1.000000
24 27 1.000000
24 28 1.000000
24 29 1.000000
24 30 1.500000
24 31 1.000000
24 32 1.000000
24 33 1.000000
24 34 1.000000
24 35 1.000000
24 36 1.000000
24 37 1.000000
24 38 1.000000
24 39 1.000000
24 53 -1.000000
24 54 -1.000000
25 5 -0.500000
25 6 -0.500000
25 16 1.000000
25 17 1.000000
25 18 1.000000
25 19 1.500000
25 20 1.000000
25 21 1.500000
25 22 1.000000
25 23 1.000000
25 24 1.000000
25 26 1.500000
25 27 1.000000
25 28 1.500000
25 29 1.000000
25 30 1.000000
25 31 1.000000
25 32 1.000000
25 33 1.000000
25 34 1.000000
25 35 1.000000
25 36 1.000000
25 37 1.000000
25 38 1.000000
25 39 1.000000
25 45 -1.000000
25 48 -1.000000
25 55 -1.000000
25 58 -1.000000
26 5 -0.500000
26 9 -0.500000
26 16 1.000000
26 17 1.000000
26 18 1.000000
26 19 1.000000
26 20 1.000000
26 21 1.000000
26 22 1.000000
26 23 1.500000
26 24 1.000000
26 25 1.500000
26 27 1.000000
26 28 1.000000
26 29 1.000000
26 30 1.500000
26 31 1.000000
26 32 1.500000
26 33 1.000000
26 34 1.000000
26 35 1.000000
26 36 1.000000
26 37 1.000000
26 38 1.000000
26 39 1.000000
26 52 -1.000000
26 56 -1.000000
26 57 -1.000000
26 58 -1.000000
27 6 -0.500000
27 7 -0.500000
27 16 1.000000
27 17 1.000000
27 18 1.000000
27 19 1.000000
27 20 1.000000
27 21 1.500000
27 22 1.500000
27 23 1.000000
27 24 1.000000
27 25 1.000000
27 26 1.000000
27 28 1.500000
27 29 1.500000
27 30 1.000000
27 31 1.000000
27 32 1.000000
27 33 1.000000
27 34 1.000000
27 35 1.000000
27 36 1.000000
27 37 1.000000
27 38 1.000000
27 39 1.000000
27 49 -1.000000
27 51 -1.000000
27 59 -1.000000
27 62 -1.000000
28 6 -0.500000
28 10 -0.500000
28 16 1.000000
28 17 1.000000
28 18 1.000000
28 19 1.000000
28 20 1.000000
28 21 1.000000
28 22 1.000000
28 23 1.000000
28 24 1.000000
28 25 1.500000
28 26 1.000000
28 27 1.500000
28 29 1.000000
28 30 1.000000
28 31 1.000000
28 32 1.500000
28 33 1.000000
28 34 1.500000
28 35 1.000000
28 36 1.000000
28 37 1.000000
28 38 1.000000
28 39 1.000000
28 55 -1.000000
28 60 -1.000000
28 61 -1.000000
28 62 -1.000000
29 7 -0.500000
29 11 -0.500000
29 16 1.000000
29 17 1.000000
29 18 1.000000
29 19 1.000000
29 20 1.000000
29 21 1.000000
29 22 1.000000
29 23 1.000000
29 24 1.000000
29 25 1.000000
29 26 1.000000
29 27 1.500000
29 28 1.000000
29 30 1.000000
29 31 1.000000
29 32 1.000000
29 33 1.000000
29 34 1.500000
29 35 1.000000
29 36 1.000000
29 37 1.000000
29 38 1.000000
29 39 1.000000
29 59 -1.000000
29 63 -1.000000
30 8 -0.500000
30 9 -0.500000
30 16 1.000000
30 17 1.000000
30 18 1.000000
30 19 1.000000
30 20 1.000000
30 21 1.000000
30 22 1.000000
30 23 1.000000
30 24 1.500000
30 25 1.000000
30 26 1.500000
30 27 1.000000
30 28 1.000000
30 29 1.000000
30 31 1.500000
30 32 1.000000
30 33 1.500000
30 34 1.000000
30 35 1.000000
30 36 1.000000
30 37 1.000000
30 38 1.000000
30 39 1.000000
30 53 -1.000000
30 56 -1.000000
30 64 -1.000000
30 66 -1.000000
31 8 -0.500000
31 12 -0.500000
31 16 1.000000
31 17 1.000000
31 18 1.000000
31 19 1.000000
31 20 1.000000
31 21 1.000000
31 22 1.000000
31 23 1.000000
31 24 1.000000
31 25 1.000000
31 26 1.000000
31 27 1.000000
31 28 1.000000
31 29 1.000000
31 30 1.500000
31 32 1.000000
31 33 1.000000
31 34 1.000000
31 35 1.000000
31 36 1.000000
31 37 1.500000
31 38 1.000000
31 39 1.000000
31 65 -1.000000
31 66 -1.000000
32 9 -0.500000
32 10 -0.500000
32 16 1.000000
32 17 1.000000
32 18 1.000000
32 19 1.000000
32 20 1.000000
32 21 1.000000
32 22 1.000000
32 23 1.000000
32 24 1.000000
32 25 1.000000
32 26 1.500000
32 27 1.000000
32 28 1.500000
32 29 1.000000
32 30 1.000000
32 31 1.000000
32 33 1.500000
32 34 1.000000
32 35 1.500000
32 36 1.000000
32 37 1.000000
32 38 1.000000
32 39 1.000000
32 57 -1.000000
32 60 -1.000000
32 67 -1.000000
32 70 -1.000000
33 9 -0.500000
33 13 -0.500000
33 16 1.000000
33 17 1.000000
33 18 1.000000
33 19 1.000000
33 20 1.000000
33 21 1.000000
33 22 1.000000
33 23 1.000000
33 24 1.000000
33 25 1.000000
33 26 1.000000
33 27 1.000000
33 28 1.000000
33 29 1.000000
33 30 1.500000
33 31 1.000000
33 32 1.500000
33 34 1.000000
33 35 1.000000
33 36 1.000000
33 37 1.500000
33 38 1.500000
33 39 1.000000
33 64 -1.000000
33 68 -1.000000
33 69 -1.000000
33 70 -1.000000
34 10 -0.500000
34 11 -0.500000
34 16 1.000000
34 17 1.000000
34 18 1.000000
34 19 1.000000
34 20 1.000000
34 21 1.000000
34 22 1.000000
34 23 1.000000
34 24 1.000000
34 25 1.000000
34 26 1.000000
34 27 1.000000
34 28 1.500000
34 29 1.500000
34 30 1.000000
34 31 1.000000
34 32 1.000000
34 33 1.000000
34 35 1.500000
34 36 1.500000
34 37 1.000000
34 38 1.000000
34 39 1.000000
34 61 -1.000000
34 63 -1.000000
34 71 -1.000000
34 74 -1.000000
35 10 -0.500000
35 14 -0.500000
35 16 1.000000
35 17 1.000000
35 18 1.000000
35 19 1.000000
35 20 1.000000
35 21 1.000000
35 22 1.000000
35 23 1.000000
35 24 1.000000
35 25 1.000000
35 26 1.000000
35 27 1.000000
35 28 1.000000
35 29 1.000000
35 30 1.000000
35 31 1.000000
35 32 1.500000
35 33 1.000000
35 34 1.500000
35 36 1.000000
35 37 1.000000
35 38 1.500000
35 39 1.500000
35 67 -1.000000
35 72 -1.000000
35 73 -1.000000
35 74 -1.000000
36 11 -0.500000
36 15 -0.500000
36 16 1.000000
36 17 1.000000
36 18 1.000000
36 19 1.000000
36 20 1.000000
36 21 1.000000
36 22 1.000000
36 23 1.000000
36 24 1.000000
36 25 1.000000
36 26 1.000000
36 27 1.000000
36 28 1.000000
36 29 1.000000
36 30 1.000000
36 31 1.000000
36 32 1.000000
36 33 1.000000
36 34 1.500000
36 35 1.000000
36 37 1.000000
36 38 1.000000
36 39 1.500000
36 71 -1.000000
36 75 -1.000000
37 12 -0.500000
37 13 -0.500000
37 16 1.000000
37 17 1.000000
37 18 1.000000
37 19 1.000000
37 20 1.000000
37 21 1.000000
37 22 1.000000
37 23 1.000000
37 24 1.000000
37 25 1.000000
37 26 1.000000
37 27 1.000000
37 28 1.000000
37 29 1.000000
37 30 1.000000
37 31 1.500000
37 32 1.000000
37 33 1.500000
37 34 1.000000
37 35 1.000000
37 36 1.000000
37 38 1.000000
37 39 1.000000
37 65 -1.000000
37 68 -1.000000
38 13 -0.500000
38 14 -0.500000
38 16 1.000000
38 17 1.000000
38 18 1.000000
38 19 1.000000
38 20 1.000000
38 21 1.000000
38 22 1.000000
38 23 1.000000
38 24 1.000000
38 25 1.000000
38 26 1.000000
38 27 1.000000
38 28 1.000000
38 29 1.000000
38 30 1.000000
38 31 1.000000
38 32 1.000000
38 33 1.500000
38 34 1.000000
38 35 1.500000
38 36 1.000000
38 37 1.000000
38 39 1.000000
38 69 -1.000000
38 72 -1.000000
39 14 -0.500000
39 15 -0.500000
39 16 1.000000
39 17 1.000000
39 18 1.000000
39 19 1.000000
39 20 1.000000
39 21 1.000000
39 22 1.000000
39 23 1.000000
39 24 1.000000
39 25 1.000000
39 26 1.000000
39 27 1.000000
39 28 1.000000
39 29 1.000000
39 30 1.000000
39 31 1.000000
39 32 1.000000
39 33 1.000000
39 34 1.000000
39 35 1.500000
39 36 1.500000
39 37 1.000000
39 38 1.000000
39 73 -1.000000
39 75 -1.000000
40 16 -1.000000
40 19 -1.000000
40 41 0.500000
40 46 0.500000
41 17 -1.000000
41 23 -1.000000
41 40 0.500000
41 54 0.500000
42 16 -1.000000
42 17 -1.000000
42 44 0.500000
43 18 -1.000000
43 21 -1.000000
43 45 0.500000
43 50 0.500000
44 19 -1.000000
44 23 -1.000000
44 42 0.500000
44 45 0.500000
44 52 0.500000
44 58 0.500000
45 19 -1.000000
45 25 -1.000000
45 43 0.500000
45 44 0.500000
45 52 0.500000
45 58 0.500000
46 18 -1.000000
46 19 -1.000000
46 40 0.500000
46 48 0.500000
47 20 -1.000000
47 22 -1.000000
47 49 0.500000
48 21 -1.000000
48 25 -1.000000
48 46 0.500000
48 49 0.500000
48 55 0.500000
48 62 0.500000
49 21 -1.000000
49 27 -1.000000
49 47 0.500000
49 48 0.500000
49 55 0.500000
49 62 0.500000
50 20 -1.000000
50 21 -1.000000
50 43 0.500000
50 51 0.500000
51 22 -1.000000
51 27 -1.000000
51 50 0.500000
51 59 0.500000
52 23 -1.000000
52 26 -1.000000
52 44 0.500000
52 45 0.500000
52 53 0.500000
52 58 0.500000
53 24 -1.000000
53 30 -1.000000
53 52 0.500000
53 66 0.500000
54 23 -1.000000
54 24 -1.000000
54 41 0.500000
54 56 0.500000
55 25 -1.000000
55 28 -1.000000
55 48 0.500000
55 49 0.500000
55 57 0.500000
55 62 0.500000
56 26 -1.000000
56 30 -1.000000
56 54 0.500000
56 57 0.500000
56 64 0.500000
56 70 0.500000
57 26 -1.000000
57 32 -1.000000
57 55 0.500000
57 56 0.500000
57 64 0.500000
57 70 0.500000
58 25 -1.000000
58 26 -1.000000
58 44 0.500000
58 45 0.500000
58 52 0.500000
58 60 0.500000
59 27 -1.000000
59 29 -1.000000
59 51 0.500000
59 61 0.500000
60 28 -1.000000
60 32 -1.000000
60 58 0.500000
60 61 0.500000
60 67 0.500000
60 74 0.500000
61 28 -1.000000
61 34 -1.000000
61 59 0.500000
61 60 0.500000
61 67 0.500000
61 74 0.500000
62 27 -1.000000
62 28 -1.000000
62 48 0.500000
62 49 0.500000
62 55 0.500000
62 63 0.500000
63 29 -1.000000
63 34 -1.000000
63 62 0.500000
63 71 0.500000
64 30 -1.000000
64 33 -1.000000
64 56 0.500000
64 57 0.500000
64 65 0.500000
64 70 0.500000
65 31 -1.000000
65 37 -1.000000
65 64 0.500000
66 30 -1.000000
66 31 -1.000000
66 53 0.500000
66 68 0.500000
67 32 -1.000000
67 35 -1.000000
67 60 0.500000
67 61 0.500000
67 69 0.500000
67 74 0.500000
68 33 -1.000000
68 37 -1.000000
68 66 0.500000
68 69 0.500000
69 33 -1.000000
69 38 -1.000000
69 67 0.500000
69 68 0.500000
70 32 -1.000000
70 33 -1.000000
70 56 0.500000
70 57 0.500000
70 64 0.500000
70 72 0.500000
71 34 -1.000000
71 36 -1.000000
71 63 0.500000
71 73 0.500000
72 35 -1.000000
72 38 -1.000000
72 70 0.500000
72 73 0.500000
73 35 -1.000000
73 39 -1.000000
73 71 0.500000
73 72 0.500000
74 34 -1.000000
74 35 -1.000000
74 60 0.500000
74 61 0.500000
74 67 0.500000
74 75 0.500000
75 36 -1.000000
75 39 -1.000000
75 74 0.500000
